     0     -1      9   -0.0   -1.0    9.0   4.462   0.000  19.709  52.089
     0      0      0    0.0    0.0    0.0   0.000   0.000   0.000   0.000
     0      0      2   -0.0   -0.0    2.0   5.223   0.000   0.000  10.447
     0      0      4   -0.0   -0.0    4.0  10.491   0.000   0.000  20.982
     0      0      6   -0.0   -0.0    6.0  15.850   0.000   0.000  31.700
     0      0      8   -0.0   -0.0    8.0  21.356   0.000   0.000  42.712
     1     -1      1    1.0   -1.0    1.0  81.411   0.000  24.486   0.779
     1     -1      2    1.0   -1.0    2.0  34.241   0.000  24.784   8.657
     1     -1      3    1.0   -1.0    3.0  26.807   0.000  25.298  14.109
     1     -1      4    1.0   -1.0    4.0  24.702   0.000  26.050  19.320
     1     -1      5    1.0   -1.0    5.0  24.598   0.000  27.081  24.450
     1     -1      6    1.0   -1.0    6.0  25.489   0.000  28.448  29.543
     1     -1      7    1.0   -1.0    7.0  26.962   0.000  30.235  34.612
     1     -1      8    1.0   -1.0    8.0  28.821   0.000  32.565  39.651
     1     -1      9    1.0   -1.0    9.0  30.963   0.000  35.620  44.636
     1      0      1    1.0   -0.0    1.0  89.837   0.000  12.828  21.049
     1      0      2    1.0   -0.0    2.0  77.848   0.000  13.000  22.904
     1      0      3    1.0    0.0    3.0  68.579   0.000  13.296  25.713
     1      0      4    1.0   -0.0    4.0  61.899   0.000  13.734  29.218
     1      0      5    1.0   -0.0    5.0  57.333   0.000  14.341  33.219
     1      0      6    1.0    0.0    6.0  54.385   0.000  15.157  37.580
     1      0      7    1.0    0.0    7.0  52.657   0.000  16.247  42.214
     1      0      8    1.0   -0.0    8.0  51.854   0.000  17.710  47.064
     1      0      9    1.0   -0.0    9.0  51.771   0.000  19.709  52.089
     1      1      2    1.0    1.0    2.0  97.499   0.000   0.000  43.465
     1      1      4    1.0    1.0    4.0  86.832   0.000   0.000  47.463
     1      1      6    1.0    1.0    6.0  79.538   0.000   0.000  53.617
     2      0      1    2.0   -0.0    1.0 111.488   0.000  32.427  39.388
     2      0      2    2.0   -0.0    2.0 104.860   0.000  32.928  40.324
     2      0      3    2.0    0.0    3.0  98.893   0.000  33.794  41.833
     2      0      4    2.0    0.0    4.0  93.707   0.000  35.076  43.849
     2      0      5    2.0   -0.0    5.0  89.356   0.000  36.854  46.293
     2      0      6    2.0   -0.0    6.0  85.837   0.000  39.246  49.075
