h	k	l	d_spacing (Å)	theta (deg)	phi (deg)	delta (deg)	nu (deg)	qerror	errcode	hkl_back
1	1	0	3.7983	0.0002	0.0	0.0	5.0928	1.5977	0	[0.9838 0.     0.0228]
2	0	2	2.9527	0.0	0.0	0.0	22.7505	1.4051	0	[4.0983 0.     0.4485]
1	-1	0	3.7983	41.4758	0.0	19.4256	3.829	0.0	0	[ 1. -1. -0.]
4	0	-2	3.0063	65.5912	0.0	0.0	25.0728	0.0	0	[ 4. -0. -2.]
2	0	0	7.3213	5.1136	0.0	0.0	10.2271	0.0	0	[ 2. -0. -0.]
5	1	-2	2.1965	59.0112	0.0	0.0	28.5331	1.5976	0	[ 5. -0. -2.]
5	-1	-2	2.1965	65.731	0.0	21.9481	27.3982	0.0	0	[ 5. -1. -2.]
6	0	0	2.4404	15.509	0.0	0.0	31.0181	0.0	0	[ 6. -0. -0.]
3	1	2	2.1684	0.0	0.0	0.0	29.0666	2.0085	0	[ 5.0614 -0.      0.726 ]
1	-1	-2	2.7181	0.0	0.0	13.8402	0.0	1.8645	0	[-0.0897 -0.7209  0.1674]
3	-1	2	2.1684	0.0	0.0	26.937	26.3596	0.8785	0	[ 4.3596 -1.2232  1.1597]
1	1	-2	2.7181	0.0	0.0	0.0	0.0	2.3116	0	[0. 0. 0.]
2	0	-4	1.8805	0.0	0.0	0.0	0.0	3.3413	0	[0. 0. 0.]
3	-1	0	3.0624	19.853	0.0	20.0513	14.5662	0.0	0	[ 3. -1. -0.]
3	1	0	3.0624	7.6831	0.0	0.0	15.3663	1.5976	0	[ 3. -0.  0.]
4	0	0	3.6606	10.2684	0.0	0.0	20.5369	0.0	0	[ 4. -0.  0.]
7	1	0	1.8468	18.1777	0.0	0.0	36.3543	1.5976	0	[ 7. -0. -0.]
7	-1	0	1.8468	23.5909	0.0	23.8585	34.8736	0.0	0	[ 7. -1.  0.]
0	2	0	1.9665	0.0	0.0	0.0	0.0	3.1952	0	[0. 0. 0.]
0	-2	0	1.9665	0.0	0.0	33.5715	0.0	0.9638	0	[-0.5156 -1.6664  0.9615]
6	0	-2	2.3318	54.5594	0.0	0.0	32.5024	0.0	0	[ 6. -0. -2.]
2	2	2	1.6367	0.0	0.0	0.0	22.7498	3.4905	0	[ 4.0982 -0.      0.4485]
4	2	-2	1.6457	65.5867	0.0	0.0	25.0728	3.1952	0	[ 4.0002 -0.     -1.9999]
2	-2	2	1.6367	0.0	0.0	45.4625	16.3893	0.1419	0	[ 2.1545 -2.0607  1.8857]
4	-2	-2	1.6457	99.4719	0.0	44.0721	17.4145	0.0	0	[ 4. -2. -2.]
8	0	0	1.8303	20.8867	0.0	0.0	41.7733	0.0	0	[ 8. -0.  0.]
1	1	2	2.5371	0.0	0.0	0.0	15.7946	2.2238	0	[ 2.9371 -0.      0.2176]
1	-1	2	2.5371	0.0	0.0	26.9375	14.1531	1.1773	0	[ 2.3243 -1.3237  0.7814]
6	0	-1	2.5246	34.5871	0.0	0.0	29.9598	0.0	0	[ 6. -0. -1.]
4	0	1	2.9664	0.0	0.0	0.0	26.0672	0.3846	0	[4.6157 0.     0.5864]
2	0	-2	3.6592	86.8708	0.0	0.0	20.5453	0.0	0	[ 2. -0. -2.]
3	1	-4	1.6885	104.1616	0.0	0.0	40.8569	1.5976	0	[ 3. -0. -4.]
3	-1	-4	1.6885	109.0679	0.0	25.323	39.1193	0.0	0	[ 3. -1. -4.]
4	0	2	2.2901	0.0	0.0	0.0	34.6955	0.9904	0	[5.8367 0.     1.025 ]
0	0	3	2.4176	0.0	0.0	0.0	16.6462	2.4045	0	[3.0844 0.     0.2416]
3	1	-2	2.5595	74.8188	0.0	0.0	22.3234	1.5976	0	[ 3. -0. -2.]
3	-1	-2	2.5595	83.2779	0.0	20.8783	21.3877	0.0	0	[ 3. -1. -2.]
2	2	-4	1.3591	0.0	0.0	0.0	0.0	4.6231	0	[0. 0. 0.]
2	-2	-4	1.3591	0.0	0.0	21.3968	0.0	3.9448	0	[-0.2131 -1.0994  0.3973]
6	2	0	1.5312	15.5095	0.0	0.0	31.0191	3.1952	0	[ 6.0002 -0.     -0.    ]
5	1	1	2.1069	0.0	0.0	0.0	30.8375	1.6077	0	[5.3142 0.     0.815 ]
4	0	-3	2.3207	84.0606	0.0	0.0	32.6625	0.0	0	[ 4. -0. -3.]
5	-1	1	2.1069	2.1482	0.0	22.324	29.1172	0.0	0	[ 5. -1.  1.]
6	-2	0	1.5312	42.7824	0.0	46.1856	23.1099	0.0	0	[ 6. -2.  0.]
6	0	-4	1.6855	86.4348	0.0	0.0	45.5554	0.0	0	[ 6. -0. -4.]
1	-1	4	1.5942	0.0	0.0	47.3111	31.8368	2.256	0	[ 4.6077 -1.8818  2.4441]
9	1	-4	1.3286	76.1698	0.0	0.0	55.0688	1.5976	0	[ 9.0001 -0.     -4.    ]
1	1	-4	1.682	0.0	0.0	0.0	0.0	3.7355	0	[0. 0. 0.]
9	-1	-4	1.3286	80.0911	0.0	32.6677	52.0636	0.0	0	[ 9. -1. -4.]
1	1	4	1.5942	0.0	0.0	0.0	42.4829	3.2377	0	[6.7658 0.     1.5133]
1	-1	-4	1.682	0.0	0.0	11.084	0.0	3.5301	0	[-0.0577 -0.5793  0.1075]
4	0	4	1.4763	0.0	0.0	0.0	60.0	1.7944	0	[8.1708 0.     2.8822]
4	-2	0	1.7323	52.7497	0.0	42.82	12.4625	0.0	0	[ 4. -2. -0.]
0	0	1	7.2529	0.0	0.0	0.0	3.3096	0.8285	0	[0.6426 0.     0.0096]
10	0	-3	1.4323	61.9342	0.0	0.0	54.2048	0.0	0	[10. -0. -3.]
5	-1	-4	1.6109	96.2233	0.0	26.287	41.4702	0.0	0	[ 5. -1. -4.]
5	1	-4	1.6109	91.549	0.0	0.0	43.3751	1.5976	0	[ 5. -0. -4.]
5	1	4	1.3069	0.0	0.0	0.0	60.0	2.1544	0	[ 8.1708 -0.      2.8822]
5	-1	4	1.3069	0.0	0.0	47.3123	54.667	1.0562	0	[ 7.2738 -1.2811  3.5042]
2	0	-3	2.5021	101.284	0.0	0.0	30.2348	0.0	0	[ 2. -0. -3.]
5	1	-1	2.3887	36.091	0.0	0.0	25.0678	1.5976	0	[ 5.0001 -0.     -0.9999]
8	2	0	1.3398	20.8878	0.0	0.0	41.7754	3.1952	0	[ 8.0004 -0.     -0.    ]
10	0	-4	1.324	74.2738	0.0	0.0	59.0582	0.0	0	[10. -0. -4.]
5	-1	-1	2.3887	43.6715	0.0	21.3086	24.0518	0.0	0	[ 5. -1. -1.]
12	0	-2	1.2623	49.6072	0.0	0.0	60.0	0.1633	0	[11.6063 -0.     -1.9344]
8	0	-4	1.5032	78.784	0.0	0.0	51.4585	0.0	0	[ 8. -0. -4.]
8	-2	0	1.3398	41.7123	0.0	51.6254	32.1598	0.0	0	[ 8. -2. -0.]
7	1	3	1.3253	0.0	0.0	0.0	57.9944	1.662	0	[8.0613 0.     2.7093]
0	0	2	3.6265	0.0	0.0	0.0	8.3278	1.6368	0	[1.5924 0.     0.0608]
4	2	0	1.7323	10.268	0.0	0.0	20.5368	3.1952	0	[ 4. -0.  0.]
7	-1	3	1.3253	0.0	0.0	34.6815	52.7634	0.1744	0	[ 7.3793 -1.0376  2.8961]
5	3	-2	1.1749	59.0104	0.0	0.0	28.5328	4.7928	0	[ 5. -0. -2.]
8	0	-2	1.8427	50.0721	0.0	0.0	41.4797	0.0	0	[ 8. -0. -2.]
11	1	-2	1.2964	49.7834	0.0	0.0	56.7465	1.5976	0	[11. -0. -2.]
6	2	-2	1.5033	54.5589	0.0	0.0	32.5023	3.1952	0	[ 6. -0. -2.]
0	0	6	1.2088	0.0	0.0	0.0	60.0	3.8154	0	[8.1708 0.     2.8822]
2	0	4	1.6602	0.0	0.0	0.0	50.3574	2.5045	0	[7.5205 0.     2.0868]
1	1	3	1.9787	0.0	0.0	0.0	25.8664	2.7582	0	[ 4.5851 -0.      0.5775]
11	-1	-2	1.2964	53.6288	0.0	33.9295	53.5221	0.0	0	[11. -1. -2.]
2	0	5	1.3559	0.0	0.0	0.0	60.0	2.7922	0	[ 8.1708 -0.      2.8822]
6	0	1	2.147	1.1116	0.0	0.0	35.3874	0.0	0	[ 6. -0.  1.]
3	-1	-6	1.1944	0.0	0.0	9.2354	0.0	5.1409	0	[-0.0401 -0.4836  0.0747]
3	1	-6	1.1944	0.0	0.0	0.0	0.0	5.2604	0	[0. 0. 0.]
1	3	0	1.3057	0.0	0.0	0.0	5.0944	4.7928	0	[ 0.9841 -0.      0.0228]
1	-1	3	1.9787	0.0	0.0	34.6817	21.7377	1.7917	0	[ 3.4253 -1.5928  1.3613]
5	-3	-2	1.1749	120.0	0.0	60.0	6.3692	0.6652	0	[ 5.3404 -2.5937 -2.0038]
6	-2	-2	1.5033	80.6337	0.0	46.8049	24.444	0.0	0	[ 6. -2. -2.]
8	0	-5	1.3203	90.9611	0.0	0.0	59.239	0.0	0	[ 8. -0. -5.]
1	-3	-2	1.2379	0.0	0.0	36.4677	0.0	3.2494	0	[-0.6053 -1.7911  1.1287]
7	1	-6	1.1415	102.0541	0.0	0.0	60.0	1.6606	0	[ 6.3978 -0.     -5.484 ]
7	-1	-6	1.1415	108.3457	0.0	43.2797	60.0	0.1082	0	[ 6.8744 -1.033  -5.8924]
8	0	3	1.3023	0.0	0.0	0.0	60.0	0.1087	0	[8.1708 0.     2.8822]
9	1	2	1.2819	7.6364	0.0	0.0	57.5324	1.5976	0	[ 9. -0.  2.]
2	-2	-2	1.7322	120.0	0.0	41.3196	14.4561	0.1832	0	[ 2.3395 -1.9267 -2.0323]
3	3	2	1.1705	0.0	0.0	0.0	29.0667	4.945	0	[ 5.0614 -0.      0.726 ]
9	-1	2	1.2819	11.448	0.0	34.5593	54.1977	0.0	0	[ 9. -1.  2.]
8	0	1	1.6724	10.1216	0.0	0.0	45.9317	0.0	0	[ 8. -0.  1.]
6	0	2	1.8138	0.0	0.0	0.0	43.9879	0.4446	0	[6.9249 0.     1.617 ]
6	0	3	1.5267	0.0	0.0	0.0	54.7335	0.8155	0	[7.8541 0.     2.4362]
1	-3	0	1.3057	90.0007	0.0	47.5427	0.0	1.6819	0	[ 3.6459 -2.2233 -0.    ]
10	0	2	1.2476	10.63	0.0	0.0	60.0	0.222	0	[9.5592 0.     1.9119]
8	0	-8	0.9148	106.5981	0.0	0.0	60.0	2.0541	0	[ 5.6075 -0.     -5.6075]
7	3	0	1.1108	18.1771	0.0	0.0	36.3543	4.7928	0	[7. 0. 0.]
1	3	-2	1.2379	0.0	0.0	0.0	0.0	5.0756	0	[0. 0. 0.]
6	0	-6	1.2197	106.5981	0.0	0.0	60.0	0.337	0	[ 5.6075 -0.     -5.6075]
3	-3	2	1.1705	46.2933	0.0	60.0	0.0002	0.6235	0	[ 2.9873 -2.6098  1.9915]
11	1	-3	1.2549	61.3973	0.0	0.0	59.0522	1.5976	0	[11. -0. -3.]
6	-2	-4	1.2797	105.8467	0.0	54.1251	35.0094	0.0	0	[ 6. -2. -4.]
11	-1	-3	1.2549	65.1478	0.0	35.8539	55.4899	0.0	0	[11. -1. -3.]
15	1	-5	0.9075	68.3082	0.0	0.0	60.0	2.4994	0	[10.7201 -0.     -3.5734]
9	-1	-1	1.5496	40.2192	0.0	27.2123	43.4753	0.0	0	[ 9. -1. -1.]
3	-3	0	1.2661	90.0006	0.0	53.6506	0.0	1.1364	0	[ 4.5697 -2.4271 -0.    ]
12	0	1	1.1542	21.1752	0.0	0.0	60.0	0.6295	0	[10.6125  0.      0.8843]
10	0	5	0.916	0.0	0.0	0.0	60.0	2.1787	0	[8.1708 0.     2.8822]
9	1	-1	1.5496	35.7204	0.0	0.0	45.5399	1.5976	0	[ 9. -0. -1.]
15	-1	-5	0.9075	79.2012	0.0	60.0	60.0	1.3145	0	[12.2814 -1.3049 -4.0937]
7	-3	0	1.1108	65.7559	0.0	60.0	13.3721	0.7923	0	[ 6.3192 -2.539   0.    ]
4	0	-6	1.2511	116.1666	0.0	0.0	60.0	0.2079	0	[ 3.8344 -0.     -5.7516]
14	0	3	0.8786	9.49	0.0	0.0	60.0	2.3367	0	[ 9.4253 -0.      2.0197]
1	1	-8	0.8959	0.0	0.0	0.0	0.0	7.0133	0	[0. 0. 0.]
6	2	-4	1.2797	86.4349	0.0	0.0	45.5554	3.1952	0	[ 6. -0. -4.]
1	-1	-8	0.8959	0.0	0.0	7.9113	0.0	6.9371	0	[-0.0294 -0.4148  0.0549]
3	1	5	1.2338	0.0	0.0	0.0	60.0	2.946	0	[8.1708 0.     2.8822]
3	1	-3	2.073	92.112	0.0	0.0	31.0311	1.5976	0	[ 3.0002 -0.     -3.    ]
6	2	-1	1.5514	34.5871	0.0	0.0	29.9599	3.1952	0	[ 6. -0. -1.]
3	-1	5	1.2338	0.0	0.0	60.0	55.0664	1.857	0	[ 6.9918 -1.4944  4.114 ]
8	0	2	1.4832	2.8792	0.0	0.0	52.2029	0.0	0	[ 8. -0.  2.]
3	-1	-3	2.073	98.3393	0.0	22.4824	29.7979	0.0	0	[ 3. -1. -3.]
6	-2	-1	1.5514	62.8037	0.0	45.7673	22.1399	0.0	0	[ 6. -2. -1.]
2	2	-2	1.7322	86.8721	0.0	0.0	20.5453	3.1952	0	[ 1.9999 -0.     -2.    ]
3	3	0	1.2661	7.6853	0.0	0.0	15.3669	4.7928	0	[ 3.0001 -0.     -0.    ]
13	1	-7	0.8674	85.8385	0.0	0.0	60.0	2.7604	0	[ 8.8579 -0.     -4.7699]
2	4	-4	0.8713	0.0	0.0	0.0	0.0	7.2112	0	[0. 0. 0.]
17	1	-3	0.8676	50.7753	0.0	0.0	60.0	2.759	0	[11.5865 -0.     -2.0447]
5	1	7	0.8812	0.0	0.0	0.0	60.0	3.8144	0	[8.1708 0.     2.8822]
4	2	2	1.4919	0.0	0.0	0.0	34.6954	3.3452	0	[5.8367 0.     1.025 ]
4	2	4	1.1806	0.0	0.0	0.0	60.0	3.6646	0	[8.1708 0.     2.8822]
2	0	3	2.1332	0.0	0.0	0.0	33.8487	2.0343	0	[5.7254 0.     0.977 ]
10	0	-1	1.5155	37.1258	0.0	0.0	51.0087	0.0	0	[10. -0. -1.]
17	-1	-3	0.8676	61.6684	0.0	60.0	60.0	1.623	0	[13.274  -1.3049 -2.3424]
13	1	-1	1.1133	38.8756	0.0	0.0	60.0	1.7061	0	[11.5621 -0.     -0.8894]
13	-1	-7	0.8674	96.7303	0.0	60.0	60.0	1.6246	0	[10.1483 -1.3049 -5.4645]
12	2	-2	1.0623	49.6076	0.0	0.0	60.0	3.1994	0	[11.6063 -0.     -1.9344]
13	-1	-1	1.1133	45.7733	0.0	45.6002	60.0	0.234	0	[12.5209 -1.0765 -0.9632]
0	2	6	1.0298	0.0	0.0	0.0	60.0	4.9766	0	[8.1708 0.     2.8822]
5	-1	7	0.8812	0.0	0.0	60.0	60.0	2.3249	0	[ 7.398  -1.3049  4.3234]
8	-2	-2	1.3446	71.021	0.0	51.4452	31.9311	0.0	0	[ 8. -2. -2.]
10	2	-3	1.1578	61.9349	0.0	0.0	54.2056	3.1952	0	[10.0001 -0.     -3.0001]
0	-2	6	1.0298	0.0	0.0	60.0	27.3553	2.5299	0	[ 3.437  -2.3179  3.2045]
2	4	2	0.9329	0.0	0.0	0.0	22.7506	6.543	0	[4.0983 0.     0.4485]
4	-2	2	1.4919	4.6724	0.0	47.0703	24.983	0.0	0	[ 4. -2.  2.]
0	-2	2	1.7287	0.0	0.0	45.4627	5.8618	0.3082	0	[ 0.2114 -2.1368  1.7426]
7	1	-1	1.8994	34.2654	0.0	0.0	35.0153	1.5976	0	[ 7. -0. -1.]
2	-2	0	1.8991	89.9982	0.0	38.9261	0.0003	0.271	0	[ 2.4912 -1.8934  0.    ]
4	-2	4	1.1806	0.0	0.0	60.0	36.9628	0.5361	0	[ 4.89   -2.0853  3.4615]
10	2	-4	1.0983	74.2737	0.0	0.0	59.0578	3.1952	0	[ 9.9999 -0.     -4.    ]
7	-1	-1	1.8994	39.8582	0.0	23.4792	33.6022	0.0	0	[ 7. -1. -1.]
16	0	-5	0.8877	66.1546	0.0	0.0	60.0	2.2638	0	[10.8827 -0.     -3.4008]
2	-4	-4	0.8713	0.0	0.0	38.0826	0.0	5.5466	0	[-0.6581 -1.8587  1.2271]
12	-2	-2	1.0623	61.7266	0.0	60.0	46.4889	0.4225	0	[11.348  -1.7968 -1.8913]
9	1	5	0.9354	0.0	0.0	0.0	60.0	2.5281	0	[8.1708 0.     2.8822]
10	-2	-3	1.1578	78.3459	0.0	60.0	40.9649	0.0582	0	[ 9.9215 -1.9707 -2.9765]
4	4	-2	0.9345	65.5914	0.0	0.0	25.0729	6.3904	0	[ 4. -0. -2.]
1	1	-3	2.1063	0.0	0.0	0.0	0.0	2.983	0	[0. 0. 0.]
7	3	-6	0.8823	102.0529	0.0	0.0	60.0	4.8141	0	[ 6.398 -0.    -5.484]
12	0	-7	0.9194	88.8152	0.0	0.0	60.0	2.0193	0	[ 8.454  -0.     -4.9315]
6	0	4	1.2996	0.0	0.0	0.0	60.0	1.1516	0	[8.1708 0.     2.8822]
9	3	-4	0.9606	76.1715	0.0	0.0	55.0694	4.7928	0	[ 9.     -0.     -4.0001]
7	-3	-6	0.8823	116.3655	0.0	60.0	38.6195	1.8701	0	[ 5.5808 -2.039  -4.7835]
10	-2	-4	1.0983	87.3185	0.0	60.0	44.3982	0.2761	0	[ 9.6382 -1.8647 -3.8553]
9	-1	5	0.9354	1.0958	0.0	60.0	60.0	1.12	0	[ 7.6088 -1.3049  4.2271]
10	0	-6	1.0843	89.8522	0.0	0.0	60.0	0.9806	0	[ 8.3079 -0.     -4.9847]
1	-1	-3	2.1063	0.0	0.0	12.312	0.0	2.6905	0	[-0.0711 -0.6426  0.1326]
3	-3	-6	0.906	0.0	0.0	26.0046	0.0	6.1184	0	[-0.313  -1.3212  0.5836]
10	0	-2	1.5035	49.2822	0.0	0.0	51.4472	0.0	0	[10. -0. -2.]
6	-2	2	1.3332	12.9196	0.0	51.8734	32.469	0.0	0	[ 6. -2.  2.]
3	3	-4	1.0734	104.1613	0.0	0.0	40.8569	4.7928	0	[ 3. -0. -4.]
3	3	-6	0.906	0.0	0.0	0.0	0.0	6.9347	0	[0. 0. 0.]
5	-1	2	1.8039	0.0	0.0	26.9371	36.4599	0.4295	0	[ 5.7926 -1.098   1.6313]
2	-4	2	0.9329	38.2843	0.0	60.0	0.0	2.2385	0	[ 2.2624 -2.6098  2.2624]
4	2	1	1.639	0.0	0.0	0.0	26.0672	3.2183	0	[4.6157 0.     0.5864]
1	1	6	1.1296	0.0	0.0	0.0	60.0	3.8601	0	[ 8.1708 -0.      2.8822]
9	-3	-4	0.9606	96.3922	0.0	60.0	31.3593	1.4297	0	[ 7.5351 -2.2285 -3.349 ]
1	-1	6	1.1296	0.0	0.0	60.0	54.6192	2.7698	0	[ 6.9512 -1.5111  4.0956]
0	2	3	1.5255	0.0	0.0	0.0	16.644	3.9989	0	[ 3.084  -0.      0.2415]
2	-2	4	1.2685	0.0	0.0	60.0	26.9129	0.9414	0	[ 3.3654 -2.3271  3.1944]
7	1	-8	0.9018	110.1269	0.0	0.0	60.0	2.5344	0	[ 4.9692 -0.     -5.6791]
12	0	-1	1.2593	39.6363	0.0	0.0	60.0	0.1752	0	[11.5787 -0.     -0.9649]
12	2	1	0.9954	21.1745	0.0	0.0	60.0	3.2566	0	[10.6124  0.      0.8844]
7	-1	-8	0.9018	120.0	0.0	60.0	60.0	1.3611	0	[ 5.9067 -1.3049 -6.485 ]
11	1	1	1.1926	20.4236	0.0	0.0	60.0	1.6108	0	[10.5489  0.      0.959 ]
4	-2	1	1.639	22.8787	0.0	44.179	17.7621	0.0	0	[ 4. -2.  1.]
1	-3	4	1.0479	0.0	0.0	60.0	15.4352	1.1491	0	[ 1.3847 -2.5156  2.9862]
3	-3	-4	1.0734	120.0	0.0	59.4729	25.9659	1.3744	0	[ 4.8349 -2.3338 -3.7518]
4	-4	-2	0.9345	120.0	0.0	60.0	6.688	2.3188	0	[ 5.3278 -2.592  -2.0323]
6	0	7	0.8739	0.0	0.0	0.0	60.0	3.4391	0	[8.1708 0.     2.8822]
12	-2	1	0.9954	32.6553	0.0	60.0	50.4212	0.7288	0	[10.918  -1.6628  0.9098]
6	2	-6	1.0365	106.5981	0.0	0.0	60.0	3.2129	0	[ 5.6075 -0.     -5.6075]
8	2	-5	1.0962	90.9607	0.0	0.0	59.2387	3.1952	0	[ 8. -0. -5.]
