h	k	l	d (Å)	F(real)	F(imag)	|F|	2θ	I		M ID(λ)	Phase
1	1	0	3.798277	55.100598	-337.212869	341.685	23.40166	100	2	1	1
2	0	2	2.95265	-438.737746	-55.431111	442.226	30.24493	97.32845	2	1	1
1	-1	0	3.798277	-29.880007	335.630795	336.958	23.40166	97.25243	2	1	1
4	0	-2	3.00631	-428.943733	-53.346584	432.248	29.69256	96.73239	2	1	1
2	0	0	7.321296	102.760769	-1.274156	102.769	12.07889	35.1428	2	1	1
5	1	-2	2.196513	-53.638337	360.012875	363.987	41.05912	33.78651	2	1	1
5	-1	-2	2.196513	55.098731	-355.093579	359.343	41.05912	32.92989	2	1	1
6	0	0	2.440432	307.579963	36.550913	309.744	36.79883	31.18843	2	1	1
3	1	2	2.168392	-50.783756	328.877133	332.775	41.61613	27.40311	2	1	1
1	-1	-2	2.718148	-103.705423	232.560408	254.635	32.92529	26.87083	2	1	1
3	-1	2	2.168392	48.555204	-324.786676	328.396	41.61613	26.68669	2	1	1
1	1	-2	2.718148	-15.443375	-246.824008	247.307	32.92529	25.34634	2	1	1
2	0	-4	1.880474	358.25455	56.580228	362.695	48.36305	23.19556	2	1	1
3	-1	0	3.062426	96.262711	-183.527311	207.241	29.13631	23.15356	2	1	1
3	1	0	3.062426	24.065788	196.800708	198.267	29.13631	21.19173	2	1	1
4	0	0	3.660648	-145.408561	-36.051674	149.811	24.29467	17.77329	2	1	1
7	1	0	1.846824	54.736688	-317.943013	322.62	49.30231	17.56771	2	1	1
7	-1	0	1.846824	-45.439017	314.64804	317.912	49.30231	17.0587	2	1	1
0	2	0	1.96645	-400.833061	-60.46095	405.367	46.12305	16.13213	1	1	1
0	-2	0	1.96645	-391.15324	-54.626203	394.949	46.12305	15.31358	1	1	1
6	0	-2	2.331785	-221.320879	-24.320489	222.653	38.57958	14.51983	2	1	1
2	2	2	1.636693	319.158449	52.144397	323.39	56.15197	13.12854	2	1	1
4	2	-2	1.645662	310.544694	53.765935	315.165	55.81909	12.63853	2	1	1
2	-2	2	1.636693	311.104464	46.947252	314.627	56.15197	12.42666	2	1	1
4	-2	-2	1.645662	303.683797	41.582776	306.517	55.81909	11.95452	2	1	1
8	0	0	1.830324	264.277852	35.00552	266.586	49.77684	11.7366	2	1	1
1	1	2	2.537078	-41.91133	174.752899	179.708	35.34978	11.46552	2	1	1
1	-1	2	2.537078	2.930214	-176.484474	176.509	35.34978	11.06087	2	1	1
6	0	-1	2.524558	167.25917	24.106961	168.988	35.53092	10.02556	2	1	1
4	0	1	2.966387	139.800262	18.019959	140.957	30.10155	9.98965	2	1	1
2	0	-2	3.659166	101.242889	28.043309	105.055	24.30466	8.7325	2	1	1
3	1	-4	1.688493	37.504507	-249.321541	252.127	54.2848	8.61723	2	1	1
3	-1	-4	1.688493	-47.206792	244.563423	249.078	54.2848	8.41008	2	1	1
4	0	2	2.290057	-171.979382	-16.692333	172.788	39.3112	8.38777	2	1	1
0	0	3	2.417648	-148.98246	-15.107319	149.746	37.15825	7.13527	2	1	1
3	1	-2	2.559462	-40.439504	130.945786	137.048	35.03059	6.80165	2	1	1
3	-1	-2	2.559462	-9.90175	-134.393174	134.757	35.03059	6.57619	2	1	1
2	2	-4	1.359074	-282.406985	-33.279453	284.361	69.05202	6.4523	2	1	1
2	-2	-4	1.359074	-269.677745	-68.199175	278.168	69.05202	6.1743	2	1	1
6	2	0	1.531213	-223.814635	-60.58412	231.869	60.40569	5.72543	2	1	1
5	1	1	2.106907	21.208945	-155.602581	157.041	42.88968	5.70426	2	1	1
4	0	-3	2.320667	-138.912136	-13.949187	139.611	38.77179	5.64628	2	1	1
5	-1	1	2.106907	-27.883166	153.03691	155.556	42.88968	5.59689	2	1	1
6	-2	0	1.531213	-224.723324	-4.535709	224.769	60.40569	5.38015	2	1	1
6	0	-4	1.685488	-184.458245	-42.216967	189.228	54.38957	4.83275	2	1	1
1	-1	4	1.594192	75.641805	-183.714388	198.677	57.78781	4.64339	2	1	1
9	1	-4	1.328604	40.8466	-243.381757	246.786	70.86997	4.61108	2	1	1
1	1	-4	1.682019	32.164523	-181.930624	184.752	54.51104	4.58353	2	1	1
9	-1	-4	1.328604	-51.408822	238.226838	243.711	70.86997	4.49689	2	1	1
1	1	4	1.594192	-4.306327	194.650476	194.698	57.78781	4.45925	2	1	1
1	-1	-4	1.682019	-28.124548	179.825631	182.012	54.51104	4.44856	2	1	1
4	0	4	1.476325	203.397455	33.69713	206.17	62.90159	4.13822	2	1	1
4	-2	0	1.732324	101.915895	130.267766	165.398	52.80328	3.94957	2	1	1
0	0	1	7.252943	34.753851	1.057111	34.7699	12.19315	3.94674	2	1	1
10	0	-3	1.43234	-204.047294	-33.386951	206.761	65.06646	3.86641	2	1	1
5	-1	-4	1.610893	69.442236	-159.237781	173.721	57.13319	3.64271	2	1	1
5	1	-4	1.610893	-1.297009	169.273733	169.279	57.13319	3.4588	2	1	1
5	1	4	1.306939	35.867379	-213.921914	216.908	72.22744	3.43183	2	1	1
5	-1	4	1.306939	-46.337217	209.250311	214.319	72.22744	3.35041	2	1	1
2	0	-3	2.502123	-98.35624	-6.615681	98.5785	35.86028	3.34339	2	1	1
5	1	-1	2.388747	10.835277	-103.004277	103.573	37.62459	3.32084	2	1	1
8	2	0	1.339776	-200.18091	-48.517954	205.977	70.19145	3.27463	2	1	1
10	0	-4	1.323988	205.143086	35.831601	208.249	71.15453	3.25742	2	1	1
5	-1	-1	2.388747	-19.611651	100.514094	102.409	37.62459	3.24668	2	1	1
12	0	-2	1.262279	-213.57961	-35.58195	216.523	75.21409	3.16947	2	1	1
8	0	-4	1.503155	173.569658	26.771118	175.622	61.65475	3.13839	2	1	1
8	-2	0	1.339776	-197.926226	-13.17252	198.364	70.19145	3.03706	2	1	1
7	1	3	1.32532	-36.476143	197.318043	200.661	71.07214	3.03133	2	1	1
0	0	2	3.626472	58.314132	21.637813	62.1991	24.52717	3.00308	2	1	1
4	2	0	1.732324	127.536578	-64.100965	142.739	52.80328	2.94155	2	1	1
7	-1	3	1.32532	35.373811	-194.3165	197.51	71.07214	2.93687	2	1	1
5	3	-2	1.174866	42.053776	-218.751234	222.757	81.93734	2.9189	2	1	1
8	0	-2	1.842705	125.212343	34.474871	129.872	49.41991	2.83144	2	1	1
11	1	-2	1.296417	-43.204647	194.048052	198.8	72.90743	2.83122	2	1	1
6	2	-2	1.503257	158.933016	45.883253	165.424	61.65011	2.78494	2	1	1
0	0	6	1.208824	-207.125332	-44.255622	211.801	79.17086	2.77895	2	1	1
2	0	4	1.660162	-141.934587	-33.911444	145.929	55.2896	2.7689	2	1	1
1	1	3	1.978715	-32.384099	112.765506	117.323	45.82081	2.74317	2	1	1
11	-1	-2	1.296417	25.905818	-193.450791	195.178	72.90743	2.72899	2	1	1
2	0	5	1.355919	182.198449	26.390487	184.1	69.23557	2.6898	2	1	1
6	0	1	2.147045	104.419239	14.288719	105.392	42.04942	2.68567	2	1	1
3	-1	-6	1.194435	-67.791479	199.226464	210.444	80.31701	2.68274	2	1	1
3	1	-6	1.194435	23.246075	-208.463025	209.755	80.31701	2.6652	2	1	1
1	3	0	1.305744	-55.687599	183.062758	191.345	72.30397	2.66514	2	1	1
1	-1	3	1.978715	-2.278905	-115.435754	115.458	45.82081	2.65664	2	1	1
5	-3	-2	1.174866	-44.234924	206.606982	211.289	81.93734	2.6261	2	1	1
6	-2	-2	1.503257	159.673114	-3.38903	159.709	61.65011	2.59586	2	1	1
8	0	-5	1.320313	183.931385	27.317457	185.949	71.38282	2.58077	2	1	1
1	-3	-2	1.237916	146.470687	-133.203671	197.982	76.9616	2.54472	2	1	1
7	1	-6	1.141506	-29.320434	210.497207	212.529	84.87839	2.53685	2	1	1
7	-1	-6	1.141506	63.065131	-202.097343	211.709	84.87839	2.51729	2	1	1
8	0	3	1.302287	-183.621676	-30.909641	186.205	72.52634	2.50895	2	1	1
9	1	2	1.281927	-40.416643	185.035266	189.398	73.86726	2.50701	2	1	1
2	-2	-2	1.732166	-71.386316	-108.428292	129.818	52.80844	2.43255	2	1	1
3	3	2	1.170503	41.855519	-199.486477	203.83	82.30874	2.4285	2	1	1
9	-1	2	1.281927	26.507876	-184.142066	186.04	73.86726	2.4189	2	1	1
8	0	1	1.67242	-131.625067	-28.162003	134.604	54.85009	2.39891	2	1	1
6	0	2	1.813777	117.177206	32.596913	121.627	50.26233	2.38963	2	1	1
6	0	3	1.526705	-148.002626	-20.583918	149.427	60.60276	2.36061	2	1	1
1	-3	0	1.305744	11.076206	-179.293336	179.635	72.30397	2.34891	2	1	1
10	0	2	1.247577	-185.622104	-30.583556	188.125	76.25801	2.33457	2	1	1
8	0	-8	0.914791	-193.897039	-46.944892	199.499	114.71362	2.28917	2	1	1
7	3	0	1.110839	-49.44294	197.048071	203.156	87.80551	2.23389	2	1	1
1	3	-2	1.237916	72.481505	169.075495	183.957	76.9616	2.19695	2	1	1
6	0	-6	1.219722	-182.42118	-38.300696	186.399	78.32686	2.18998	2	1	1
3	-3	2	1.170503	-36.854699	189.413525	192.966	82.30874	2.17651	2	1	1
11	1	-3	1.254898	-35.701843	176.611228	180.184	75.73421	2.16789	2	1	1
6	-2	-4	1.279731	139.576972	103.858194	173.978	74.01516	2.10752	2	1	1
11	-1	-3	1.254898	30.642472	-174.852368	177.517	75.73421	2.1042	2	1	1
15	1	-5	0.907542	44.0586	-183.031903	188.26	116.15685	2.08077	2	1	1
9	-1	-1	1.549635	46.196358	-128.867151	136.897	59.61432	2.05552	2	1	1
3	-3	0	1.266092	-139.174171	103.921345	173.693	74.94846	2.0527	2	1	1
12	0	1	1.154192	185.353188	38.709691	189.352	83.73191	2.04816	2	1	1
10	0	5	0.916023	184.426695	38.925361	188.49	114.47352	2.0368	2	1	1
9	1	-1	1.549635	-7.971272	135.44107	135.675	59.61432	2.01899	2	1	1
15	-1	-5	0.907542	-38.097147	180.560045	184.535	116.15685	1.99925	2	1	1
7	-3	0	1.110839	29.926926	-188.966171	191.321	87.80551	1.98119	2	1	1
4	0	-6	1.251061	167.577407	37.614059	171.747	76.00769	1.95708	2	1	1
14	0	3	0.878636	-168.267871	-38.699697	172.661	122.49266	1.94552	2	1	1
1	1	-8	0.895895	-34.531111	173.617123	177.018	118.58973	1.91032	2	1	1
6	2	-4	1.279731	161.929602	-27.06195	164.175	74.01516	1.87672	2	1	1
1	-1	-8	0.895895	49.766074	-167.884988	175.106	118.58973	1.86928	2	1	1
3	1	5	1.233817	40.230989	-165.191141	170.02	77.2646	1.8641	2	1	1
3	1	-3	2.073043	-25.764246	86.106767	89.8786	43.6259	1.79836	2	1	1
6	2	-1	1.551356	-126.882741	-15.300233	127.802	59.54151	1.79637	2	1	1
3	-1	5	1.233817	-17.914981	165.64715	166.613	77.2646	1.79015	2	1	1
8	0	2	1.483194	-131.950758	-15.797394	132.893	62.57731	1.73902	2	1	1
3	-1	-3	2.073043	-5.490414	-88.160085	88.3309	43.6259	1.73696	2	1	1
6	-2	-1	1.551356	-122.001736	-28.121408	125.201	59.54151	1.724	2	1	1
2	2	-2	1.732166	-92.751011	56.796501	108.759	52.80844	1.70736	2	1	1
3	3	0	1.266092	-77.863745	-137.355956	157.891	74.94846	1.69619	2	1	1
13	1	-7	0.86739	-41.936077	151.211994	156.919	125.26148	1.69557	2	1	1
2	4	-4	0.871311	157.39713	17.401086	158.356	124.2735	1.69316	2	1	1
17	1	-3	0.867588	-34.375046	152.273252	156.105	125.21113	1.67631	2	1	1
5	1	7	0.881203	-39.507398	156.039175	160.963	121.88706	1.67206	2	1	1
4	2	2	1.491899	120.643859	45.308471	128.871	62.17139	1.65899	2	1	1
4	2	4	1.180631	-162.969049	-31.717283	166.027	81.45233	1.63533	2	1	1
2	0	3	2.133193	-82.691612	-4.960325	82.8403	42.33556	1.63426	2	1	1
10	0	-1	1.515511	-122.456715	-26.440754	125.279	61.09798	1.62948	2	1	1
17	-1	-3	0.867588	38.895454	-148.569583	153.577	125.21113	1.62245	2	1	1
13	1	-1	1.113273	26.212756	-170.686138	172.687	87.56467	1.61842	2	1	1
13	-1	-7	0.86739	25.09584	-151.178607	153.247	125.26148	1.61714	2	1	1
12	2	-2	1.062261	171.663005	40.783194	176.441	92.96237	1.61422	2	1	1
13	-1	-1	1.113273	-48.643874	164.825693	171.854	87.56467	1.60284	2	1	1
0	2	6	1.029808	176.256362	12.559409	176.703	96.83481	1.59678	2	1	1
5	-1	7	0.881203	30.287946	-154.262531	157.208	121.88706	1.59496	2	1	1
8	-2	-2	1.344609	-94.438709	-107.453387	143.056	69.90228	1.59278	2	1	1
10	2	-3	1.15777	163.018884	34.026221	166.532	83.41491	1.59207	2	1	1
0	-2	6	1.029808	162.203008	67.248469	175.591	96.83481	1.57674	2	1	1
2	4	2	0.932863	-164.231221	-39.432773	168.899	111.32589	1.57259	2	1	1
4	-2	2	1.491899	124.104855	-16.494894	125.196	62.17139	1.56572	2	1	1
0	-2	2	1.728662	-42.005272	-95.216531	104.07	52.92381	1.55556	2	1	1
7	1	-1	1.899399	17.212429	-90.857188	92.4732	47.85088	1.54474	2	1	1
2	-2	0	1.899139	-64.304395	66.36104	92.4059	47.85784	1.54198	2	1	1
4	-2	4	1.180631	-158.536131	-28.726919	161.118	81.45233	1.54005	2	1	1
10	2	-4	1.098256	-166.743051	-26.783858	168.88	89.07585	1.52344	2	1	1
7	-1	-1	1.899399	-12.253874	90.796572	91.6197	47.85088	1.51635	2	1	1
16	0	-5	0.887686	151.742845	31.209732	154.919	120.39834	1.50833	2	1	1
2	-4	-4	0.871311	138.097269	55.357723	148.779	124.2735	1.49456	2	1	1
12	-2	-2	1.062261	167.924685	22.245252	169.392	92.96237	1.48781	2	1	1
9	1	5	0.935447	38.081018	-160.115314	164.582	110.86397	1.48557	2	1	1
10	-2	-3	1.15777	158.685841	25.465221	160.716	83.41491	1.48281	2	1	1
4	4	-2	0.934515	-158.774726	-42.045726	164.248	111.02998	1.48225	2	1	1
1	1	-3	2.106342	-21.154897	76.951019	79.8059	42.90176	1.4722	2	1	1
7	3	-6	0.882284	1.813831	-150.818702	150.83	121.63501	1.46145	2	1	1
12	0	-7	0.919444	-157.331761	-30.118023	160.189	113.81393	1.4582	2	1	1
6	0	4	1.299565	140.032756	23.398255	141.974	72.70254	1.45178	2	1	1
9	3	-4	0.960598	-26.869792	163.595954	165.788	106.6224	1.44924	2	1	1
7	-3	-6	0.882284	-72.918189	129.789145	148.87	121.63501	1.42373	2	1	1
10	-2	-4	1.098256	-158.997052	-36.841595	163.21	89.07585	1.42285	2	1	1
9	-1	5	0.935447	-30.81577	157.956077	160.934	110.86397	1.42045	2	1	1
10	0	-6	1.08426	159.306718	38.994886	164.01	90.54066	1.41816	2	1	1
1	-1	-3	2.106342	-4.465468	-77.947663	78.0755	42.90176	1.40905	2	1	1
3	-3	-6	0.906049	84.09515	-128.968541	153.964	116.46042	1.39796	2	1	1
10	0	-2	1.503463	-116.305824	-11.891997	116.912	61.64073	1.39151	2	1	1
6	-2	2	1.333245	-88.522038	-101.818057	134.919	70.58637	1.38925	2	1	1
3	3	-4	1.073372	-24.495723	160.315244	162.176	91.72025	1.37437	2	1	1
3	3	-6	0.906049	9.543944	152.090619	152.39	116.46042	1.36952	2	1	1
5	-1	2	1.803888	-55.657118	73.353388	92.0784	50.55718	1.35146	2	1	1
2	-4	2	0.932863	-152.146241	-30.709144	155.214	111.32589	1.32809	2	1	1
4	2	1	1.639021	-102.11411	-9.49452	102.555	56.06515	1.32494	2	1	1
1	1	6	1.129622	-21.764394	152.785938	154.328	85.98563	1.31767	2	1	1
9	-3	-4	0.960598	47.027648	-150.763242	157.928	106.6224	1.31508	2	1	1
1	-1	6	1.129622	46.133497	-146.749723	153.83	85.98563	1.30919	2	1	1
0	2	3	1.525537	105.16755	36.516198	111.327	60.65402	1.30781	2	1	1
2	-2	4	1.268539	107.683789	86.634426	138.208	74.77913	1.30502	2	1	1
7	1	-8	0.901789	-30.037228	144.488962	147.578	117.34009	1.30168	2	1	1
12	0	-1	1.259275	135.731071	27.027149	138.396	75.42483	1.28835	2	1	1
12	2	1	0.9954	-156.753133	-19.454402	157.956	101.40292	1.27989	2	1	1
7	-1	-8	0.901789	39.142746	-140.510258	145.861	117.34009	1.27156	2	1	1
11	1	1	1.192645	22.35609	-142.589182	144.331	80.46223	1.25844	2	1	1
4	-2	1	1.639021	-97.111095	-22.322865	99.6437	56.06515	1.2508	2	1	1
1	-3	4	1.047892	-105.400956	114.891584	155.915	94.62994	1.25062	2	1	1
3	-3	-4	1.073372	43.013243	-148.491277	154.596	91.72025	1.24889	2	1	1
4	-4	-2	0.934515	-148.512437	-25.38619	150.667	111.02998	1.24726	2	1	1
6	0	7	0.873882	-133.856463	-26.318473	136.419	123.63925	1.24115	2	1	1
12	-2	1	0.9954	-146.772294	-50.242292	155.133	101.40292	1.23456	2	1	1
6	2	-6	1.036521	154.527859	13.668856	155.131	96.0018	1.23276	2	1	1
8	2	-5	1.096156	-143.945589	-48.944681	152.039	89.29207	1.23219	2	1	1
11	-1	1	1.192645	-35.489809	138.295415	142.777	80.46223	1.23148	2	1	1
0	-2	3	1.525537	107.395334	-10.178786	107.877	60.65402	1.22801	2	1	1
8	2	3	1.085775	147.854175	37.221012	152.467	90.37934	1.2272	2	1	1
8	2	-2	1.344609	-117.235803	44.164733	125.279	69.90228	1.22152	2	1	1
10	2	2	1.053454	148.696313	37.720912	153.406	93.97596	1.21402	2	1	1
6	-2	-6	1.036521	143.47643	55.467706	153.825	96.0018	1.21209	2	1	1
8	2	-4	1.194219	-136.742843	-35.14569	141.187	80.33452	1.20712	2	1	1
2	2	5	1.116277	-142.167186	-41.860146	148.202	87.26948	1.19605	2	1	1
2	2	0	1.899139	-51.859813	-62.706191	81.3726	47.85784	1.19574	2	1	1
14	0	-5	0.98094	149.182697	27.392561	151.677	103.49007	1.1897	2	1	1
0	0	8	0.906618	-138.29737	-32.394394	142.041	116.3445	1.18778	2	1	1
4	2	-3	1.500265	98.135606	44.149602	107.609	61.7865	1.17272	2	1	1
8	-2	3	1.085775	146.120487	18.165401	147.245	90.37934	1.14458	2	1	1
8	-2	-5	1.096156	-146.367939	0.511101	146.369	89.29207	1.14199	2	1	1
4	-4	0	0.949569	-55.162436	-134.794195	145.645	108.42787	1.13536	2	1	1
5	3	4	0.952313	-22.81311	144.086942	145.882	107.97108	1.13446	2	1	1
8	-2	-4	1.194219	-136.191824	-12.86661	136.798	80.33452	1.13324	2	1	1
2	2	4	1.268539	126.258267	-24.840826	128.679	74.77913	1.13127	2	1	1
4	-2	-3	1.500265	103.764558	-19.275093	105.54	61.7865	1.12805	2	1	1
1	3	4	1.047892	-38.86926	-142.364954	147.576	94.62994	1.12042	2	1	1
4	0	-8	0.940237	137.840915	39.473218	143.381	110.02114	1.11745	2	1	1
10	-2	2	1.053454	146.111655	16.350936	147.024	93.97596	1.1151	2	1	1
9	1	-5	1.201616	38.238447	-129.08216	134.627	79.74035	1.11016	2	1	1
5	1	2	1.803888	-15.277818	-81.993889	83.4051	50.55718	1.10885	2	1	1
4	-2	-6	1.055549	-129.999873	-67.441093	146.452	93.73239	1.1077	2	1	1
8	-4	-2	0.867464	51.915674	115.146989	126.309	125.24275	1.09817	2	1	1
2	-2	5	1.116277	-141.865444	-4.357856	141.932	87.26948	1.097	2	1	1
14	0	0	1.045899	143.826302	24.28431	145.862	94.86686	1.09358	2	1	1
9	-1	1	1.405152	40.929671	-104.419497	112.155	66.48643	1.08629	2	1	1
4	2	-6	1.055549	-145.001054	-0.550283	145.002	93.73239	1.08587	2	1	1
10	-2	-6	0.949492	-125.145865	-66.757735	141.838	108.44077	1.07692	2	1	1
14	2	-5	0.877787	-121.519867	-39.742126	127.853	122.69487	1.07081	2	1	1
9	-1	-5	1.201616	-5.285475	131.969492	132.075	79.74035	1.06848	2	1	1
6	2	2	1.333245	-110.117587	41.981309	117.849	70.58637	1.05995	2	1	1
0	4	0	0.983225	197.427184	44.853216	202.458	103.153	1.05818	1	1	1
10	2	-6	0.949492	-140.119763	-3.892246	140.174	108.44077	1.05179	2	1	1
9	1	1	1.405152	-6.889599	109.929393	110.145	66.48643	1.04771	2	1	1
4	0	7	0.934068	-135.448362	-24.617792	137.667	111.10983	1.04225	2	1	1
4	0	6	1.066597	137.475902	33.480774	141.494	92.4729	1.04108	2	1	1
5	-3	4	0.952313	42.94143	-132.458569	139.245	107.97108	1.03359	2	1	1
13	3	-1	0.869051	-6.807151	122.247357	122.437	124.83984	1.02356	2	1	1
5	1	-3	1.898985	-29.743621	69.098634	75.2283	47.86197	1.02178	2	1	1
5	-3	-4	1.052593	-98.429664	100.108427	140.393	94.07649	1.01632	2	1	1
5	-1	-3	1.898985	-14.044185	-73.660036	74.9869	47.86197	1.01523	2	1	1
4	0	5	1.240435	123.551326	15.938439	124.575	76.77677	1.0117	2	1	1
7	1	-5	1.298209	31.633127	-113.932628	118.243	72.79065	1.00467	2	1	1
6	-4	2	0.86439	48.81758	109.177995	119.595	126.03496	1.00054	2	1	1
13	-3	-1	0.869051	53.944382	-107.577593	120.345	124.83984	0.98889	2	1	1
14	-2	-5	0.877787	-121.462057	-8.644039	121.769	122.69487	0.97132	2	1	1
0	2	2	1.728662	-60.673179	55.106801	81.9634	52.92381	0.96488	2	1	1
11	3	-2	0.94822	46.665553	-125.575768	133.966	108.65445	0.96257	2	1	1
7	-1	-5	1.298209	-2.822046	115.555525	115.59	72.79065	0.9601	2	1	1
8	-2	1	1.273983	99.525648	62.657783	117.607	74.40536	0.95371	2	1	1
7	3	3	0.959355	30.773366	-130.037448	133.629	106.82196	0.94297	2	1	1
14	0	-6	0.921234	-122.872226	-30.293081	126.551	113.47303	0.90608	2	1	1
0	-4	0	0.983225	182.940995	36.420806	186.531	103.153	0.89824	1	1	1
6	4	0	0.91199	110.421233	56.329537	123.959	115.2652	0.89061	2	1	1
5	3	-4	1.052593	-39.212328	-125.348243	131.338	94.07649	0.88946	2	1	1
8	2	1	1.273983	112.934148	-11.621671	113.531	74.40536	0.88874	2	1	1
9	3	2	0.942505	42.2294	-120.251219	127.451	109.62804	0.87941	2	1	1
5	-1	-8	0.913719	-53.394717	111.031438	123.203	114.92384	0.87559	2	1	1
16	0	-1	0.939486	-121.977002	-33.07013	126.38	110.15213	0.86934	2	1	1
6	2	3	1.205927	114.201804	28.997064	117.826	79.39869	0.85611	2	1	1
2	0	-7	1.065948	-126.611061	-18.661747	127.979	92.54574	0.85132	2	1	1
4	4	0	0.949569	-94.471003	83.258849	125.924	108.42787	0.84871	2	1	1
14	2	0	0.923412	-115.555409	-40.336445	122.393	113.0621	0.8431	2	1	1
5	1	-8	0.913719	13.539979	-119.868923	120.631	114.92384	0.83941	2	1	1
8	4	0	0.866162	100.632452	43.954147	109.813	125.57625	0.83567	2	1	1
17	-1	-1	0.861769	41.847546	-100.050482	108.45	126.72333	0.83459	2	1	1
7	-3	3	0.959355	-26.188813	122.667555	125.432	106.82196	0.83083	2	1	1
11	-3	-2	0.94822	-8.188945	124.173072	124.443	108.65445	0.83058	2	1	1
4	0	-5	1.491013	91.012879	6.169215	91.2217	62.21246	0.83003	2	1	1
14	0	-7	0.858946	-105.456067	-18.256624	107.025	127.47936	0.82592	2	1	1
11	3	-3	0.931606	32.884825	-117.736969	122.243	111.55263	0.82591	2	1	1
17	1	-1	0.861769	-16.670359	106.369566	107.668	126.72333	0.82261	2	1	1
8	4	-2	0.867464	86.928522	-65.85946	109.06	125.24275	0.8187	2	1	1
7	-1	-2	1.828191	-50.388209	48.836835	70.1713	49.83886	0.81088	2	1	1
4	-2	6	0.937563	-108.299391	-55.624648	121.749	110.48945	0.80966	2	1	1
15	-1	1	0.909803	48.242609	-107.265158	117.614	115.70113	0.80677	2	1	1
4	2	6	0.937563	-120.653513	-4.951858	120.755	110.48945	0.7965	2	1	1
9	-1	-2	1.527764	-58.141564	63.934991	86.4183	60.55634	0.7909	2	1	1
1	3	6	0.876762	1.710546	-109.485884	109.499	122.94061	0.78907	2	1	1
6	-2	3	1.205927	112.658545	6.938696	112.872	79.39869	0.78563	2	1	1
5	-1	0	2.348866	41.960034	29.550978	51.3216	38.28806	0.7845	2	1	1
2	0	-5	1.500967	87.75415	5.455165	87.9235	61.75447	0.7838	2	1	1
15	1	1	0.909803	-14.58388	114.767622	115.691	115.70113	0.78059	2	1	1
1	-3	6	0.876762	-53.19689	94.376874	108.337	122.94061	0.77241	2	1	1
14	-2	0	0.923412	-116.932265	-2.52593	116.96	113.0621	0.7699	2	1	1
2	-4	-2	0.949543	39.779359	113.088469	119.881	108.43221	0.76924	2	1	1
4	0	-1	3.685409	30.898771	1.269346	30.9248	24.12897	0.7683	2	1	1
11	-1	-6	1.008509	-46.842961	113.242053	122.548	99.60029	0.76758	2	1	1
1	3	2	1.219363	53.685483	-96.153159	110.125	78.35431	0.76398	2	1	1
9	-3	2	0.942505	-10.858666	118.099245	118.597	109.62804	0.76148	2	1	1
9	1	-8	0.877433	-20.512657	105.535208	107.51	122.77958	0.75836	2	1	1
3	3	5	0.922882	-47.708275	105.648361	115.921	113.16168	0.75724	2	1	1
11	1	-6	1.008509	12.293505	-120.88741	121.511	99.60029	0.75465	2	1	1
16	0	-4	0.921352	112.502649	23.046081	114.839	113.45061	0.74591	2	1	1
9	1	-3	1.445689	-21.295483	87.174083	89.7375	64.3928	0.74489	2	1	1
6	4	2	0.86439	81.955518	-62.585766	103.12	126.03496	0.74386	2	1	1
9	-1	-8	0.877433	29.299475	-101.649671	105.788	122.77958	0.73426	2	1	1
6	-4	0	0.91199	111.972522	-10.92398	112.504	115.2652	0.73361	2	1	1
11	-3	-3	0.931606	-20.359267	113.383347	115.197	111.55263	0.73344	2	1	1
1	3	-4	1.071703	-28.332191	114.743946	118.19	91.90429	0.72904	2	1	1
10	-2	-1	1.200387	95.271204	51.783034	108.435	79.83839	0.71884	2	1	1
3	-1	6	1.065392	-38.69357	111.064138	117.611	92.60827	0.7187	2	1	1
6	0	-5	1.424106	89.27052	6.424407	89.5014	65.48959	0.71446	2	1	1
3	1	6	1.065392	15.486992	-116.161944	117.19	92.60827	0.71356	2	1	1
9	-1	-3	1.445689	4.230968	-87.601364	87.7035	64.3928	0.71151	2	1	1
8	2	2	1.184135	98.714451	46.474336	109.107	81.16072	0.70995	2	1	1
6	2	4	1.084196	-112.4453	-23.264558	114.827	90.5475	0.6951	2	1	1
13	1	0	1.082821	34.539953	-109.43298	114.754	90.69446	0.6934	2	1	1
10	2	-1	1.200387	105.371814	-3.524354	105.431	79.83839	0.67956	2	1	1
8	-2	2	1.184135	105.119077	-18.448552	106.726	81.16072	0.67929	2	1	1
8	0	-6	1.160334	-106.226958	-22.247262	108.532	83.18951	0.67862	2	1	1
2	0	-8	0.930391	-107.819919	-23.85343	110.427	111.77283	0.67567	2	1	1
12	2	-1	1.060468	-113.523839	-11.575803	114.112	93.16652	0.67444	2	1	1
13	-1	0	1.082821	-3.752688	112.336185	112.399	90.69446	0.66523	2	1	1
1	-3	2	1.219363	19.031497	100.615352	102.399	78.35431	0.66054	2	1	1
8	-4	0	0.866162	97.564883	-2.533053	97.5978	125.57625	0.6601	2	1	1
12	-2	-1	1.060468	-105.573197	-36.83533	111.815	93.16652	0.64755	2	1	1
1	-3	-4	1.071703	19.464322	-109.562666	111.278	91.90429	0.64626	2	1	1
3	-3	5	0.922882	-2.012641	-106.914616	106.934	113.16168	0.64437	2	1	1
6	-2	4	1.084196	-108.765338	-18.056097	110.254	90.5475	0.64084	2	1	1
14	-2	-3	0.939163	-80.378116	-72.750222	108.412	110.20849	0.64009	2	1	1
2	2	-7	0.937122	99.245229	41.552165	107.593	110.56715	0.63285	2	1	1
6	2	1	1.45014	-79.240587	-21.430201	82.0873	64.17147	0.62798	2	1	1
9	1	-2	1.527764	-18.194375	-74.42885	76.6204	60.55634	0.62172	2	1	1
14	0	-3	1.068955	104.335984	31.307535	108.932	92.20925	0.61806	2	1	1
13	1	-6	0.933705	-20.688284	102.859935	104.92	111.17479	0.60581	2	1	1
6	-2	1	1.45014	-80.092527	-4.62854	80.2262	64.17147	0.59982	2	1	1
13	-1	-6	0.933705	29.721046	-99.666283	104.003	111.17479	0.59528	2	1	1
1	1	5	1.325039	26.172212	-84.539962	88.4985	71.08953	0.58934	2	1	1
6	0	-7	1.060427	-105.769893	-13.659256	106.648	93.1712	0.58908	2	1	1
7	1	-2	1.828191	-18.384632	-56.731261	59.6358	49.83886	0.58567	2	1	1
2	-2	-7	0.937122	102.955355	-9.060473	103.353	110.56715	0.58396	2	1	1
11	3	1	0.905267	-9.936956	98.81628	99.3147	116.62046	0.58307	2	1	1
10	2	-2	1.194373	84.610829	49.601053	98.0778	80.32201	0.58265	2	1	1
10	-2	-2	1.194373	93.508025	-28.601631	97.7845	80.32201	0.57917	2	1	1
0	-4	2	0.948965	25.615806	100.660425	103.869	108.52919	0.57798	2	1	1
13	1	3	0.90571	-24.6227	95.73749	98.8531	116.52976	0.57688	2	1	1
4	2	5	1.049143	-94.242687	-48.191362	105.849	94.4818	0.57674	2	1	1
3	-1	-5	1.404649	17.348156	79.588006	81.4568	66.51334	0.57253	2	1	1
3	1	-5	1.404649	34.443925	-73.626154	81.2847	66.51334	0.57011	2	1	1
11	-1	3	1.017888	-52.963907	91.289596	105.541	98.35871	0.56893	2	1	1
14	0	-1	1.076368	101.78445	22.050394	104.146	91.39199	0.56809	2	1	1
1	-1	5	1.325039	4.263651	86.422183	86.5273	71.08953	0.56338	2	1	1
2	4	-2	0.949543	72.580586	-72.45533	102.556	108.43221	0.56297	2	1	1
5	3	1	1.160533	-13.461457	97.744555	98.6672	83.17199	0.56103	2	1	1
2	2	-3	1.546107	64.647547	30.391407	71.4349	59.7642	0.55656	2	1	1
4	-2	5	1.049143	-101.806219	19.875831	103.728	94.4818	0.55386	2	1	1
16	0	1	0.879414	-88.082649	-26.627834	92.0195	122.30818	0.55071	2	1	1
13	-1	3	0.90571	15.938716	-95.073629	96.4004	116.52976	0.54861	2	1	1
2	0	1	4.580114	-19.74472	-6.470574	20.7779	19.36436	0.54799	2	1	1
9	3	-5	0.909172	-53.234512	80.516447	96.5236	115.82774	0.54436	2	1	1
1	-1	-1	3.464333	12.495938	24.756358	27.7313	25.69426	0.54133	2	1	1
2	-2	-3	1.546107	67.492649	-19.9184	70.3705	59.7642	0.54009	2	1	1
5	-3	2	1.101284	88.210697	-47.481037	100.178	88.76623	0.5377	2	1	1
11	-3	1	0.905267	36.31925	-88.168069	95.3556	116.62046	0.53751	2	1	1
5	1	0	2.348866	36.469924	-21.675252	42.4249	38.28806	0.53608	2	1	1
9	-3	-2	1.028338	94.944352	-38.223537	102.35	97.01959	0.53556	2	1	1
13	1	-2	1.118834	-25.816493	95.456505	98.886	87.02008	0.53406	2	1	1
2	0	-6	1.247107	87.543148	20.281748	89.8618	76.29188	0.53226	2	1	1
3	-1	-1	3.006513	14.576284	-28.452045	31.9685	29.6905	0.52919	2	1	1
14	2	-3	0.939163	-97.312503	15.488963	98.5375	110.20849	0.5288	2	1	1
13	3	0	0.854332	-49.260085	68.303455	84.2135	128.74801	0.52566	2	1	1
5	-3	1	1.160533	26.244217	-91.348129	95.0434	83.17199	0.52057	2	1	1
9	-3	-1	1.034931	-61.007302	79.799752	100.448	96.19762	0.51662	2	1	1
11	1	3	1.017888	3.667151	-100.256069	100.323	98.35871	0.51406	2	1	1
2	-2	3	1.44585	64.541619	-37.262609	74.526	64.38478	0.5139	2	1	1
1	1	-1	3.464333	15.996702	-21.723498	26.9779	25.69426	0.51231	2	1	1
3	3	-2	1.221823	58.339757	-68.082809	89.6593	78.16643	0.50841	2	1	1
1	1	-6	1.17554	-13.931831	91.796244	92.8474	81.88032	0.5076	2	1	1
12	0	-3	1.22847	-88.256676	-12.082608	89.0799	77.66376	0.50728	2	1	1
13	-1	-2	1.118834	5.346729	-96.048119	96.1968	87.02008	0.50541	2	1	1
1	-1	-6	1.17554	25.647039	-88.638281	92.2741	81.88032	0.50136	2	1	1
7	-1	-3	1.668455	-39.666959	47.263742	61.7036	54.99145	0.50116	2	1	1
4	0	-4	1.829583	54.896542	2.19412	54.9404	49.79838	0.49799	2	1	1
1	1	-7	1.017569	-33.107335	92.652748	98.3902	98.40027	0.49444	2	1	1
9	3	-1	1.034931	-16.585343	-96.263074	97.6814	96.19762	0.48855	2	1	1
7	1	6	0.917614	-16.702056	90.84608	92.3687	114.16542	0.4871	2	1	1
7	-1	6	0.917614	29.727741	-87.177454	92.1067	114.16542	0.48435	2	1	1
6	2	-7	0.933364	80.538578	47.265156	93.3834	111.23584	0.48024	2	1	1
1	-1	-7	1.017569	-1.564215	-96.494339	96.507	98.40027	0.4757	2	1	1
2	2	3	1.44585	54.603968	46.161928	71.5019	64.38478	0.47304	2	1	1
9	-3	-5	0.909172	-18.807851	-87.80348	89.7952	115.82774	0.47112	2	1	1
6	-2	-7	0.933364	89.27104	-23.270168	92.2541	111.23584	0.4687	2	1	1
3	1	-1	3.006513	2.274807	29.923559	30.0099	29.6905	0.46634	2	1	1
3	-3	-2	1.221823	35.243716	76.845898	84.5424	78.16643	0.45203	2	1	1
13	-3	0	0.854332	-19.203304	-75.632434	78.0322	128.74801	0.45132	2	1	1
13	1	1	1.033118	19.062167	-91.794843	93.7532	96.42197	0.44983	2	1	1
11	-3	-5	0.861837	-75.1857	23.744233	78.8459	126.7054	0.44097	2	1	1
11	-3	0	0.934046	-85.32858	26.069282	89.222	111.11378	0.4378	2	1	1
13	-1	1	1.033118	-20.460781	90.085935	92.3803	96.42197	0.43675	2	1	1
2	-2	-5	1.193121	-72.336852	44.481412	84.9189	80.42358	0.43595	2	1	1
6	4	-2	0.905977	-73.794141	-43.94247	85.8866	116.47514	0.43512	2	1	1
7	-3	-2	1.106745	82.571766	-33.03465	88.9347	88.21418	0.4262	2	1	1
15	1	0	0.947425	25.140864	-84.859887	88.5057	108.78844	0.42066	2	1	1
1	-1	1	3.273385	18.902445	-17.694332	25.8919	27.2211	0.41767	2	1	1
8	2	-6	0.999331	90.096674	5.021245	90.2365	100.85373	0.4171	2	1	1
14	2	-1	0.944179	-86.492413	-13.631055	87.5599	109.34044	0.41389	2	1	1
13	-1	-4	1.055905	47.462925	-75.274201	88.9884	93.69118	0.40906	2	1	1
0	4	2	0.948965	54.298277	-68.393082	87.3265	108.52919	0.40854	2	1	1
12	0	4	0.906888	81.583881	16.591064	83.2538	116.28945	0.40772	2	1	1
5	3	2	1.101284	52.875337	69.311482	87.1773	88.76623	0.40719	2	1	1
9	3	-2	1.028338	61.131705	64.588574	88.9313	97.01959	0.40434	2	1	1
8	-2	-6	0.999331	81.770062	34.587559	88.7842	100.85373	0.40378	2	1	1
4	-2	-5	1.188103	-72.49132	37.497629	81.6153	80.83337	0.39963	2	1	1
15	-1	0	0.947425	-5.054676	85.856472	86.0051	108.78844	0.39722	2	1	1
8	0	5	1.013349	87.38222	11.518243	88.1381	98.95473	0.39683	2	1	1
14	-2	-1	0.944179	-81.466002	-26.172682	85.567	109.34044	0.39526	2	1	1
7	1	-3	1.668455	-10.973625	-53.651897	54.7626	54.99145	0.39475	2	1	1
7	-1	2	1.508827	-47.63257	39.431015	61.8358	61.39782	0.39269	2	1	1
9	-3	1	0.988368	-55.372492	67.470577	87.2834	102.40438	0.39213	2	1	1
2	2	-5	1.193121	-59.772885	-53.929247	80.5057	80.42358	0.39182	2	1	1
10	-2	0	1.174433	27.198742	76.28324	80.9871	81.97403	0.38558	2	1	1
2	0	8	0.871941	71.750566	23.496835	75.5	124.11713	0.3837	2	1	1
4	0	-7	1.074567	-85.170881	-8.621419	85.6061	91.58894	0.3833	2	1	1
5	-3	0	1.196546	-77.062182	-17.793244	79.0897	80.14651	0.38015	2	1	1
4	2	-5	1.188103	-62.827967	-47.739934	78.9079	80.83337	0.37356	2	1	1
3	1	-7	1.035257	-25.795271	80.927038	84.9387	96.15739	0.36943	2	1	1
4	-2	3	1.331157	-30.646089	-62.150511	69.2955	70.71368	0.36516	2	1	1
13	1	-4	1.055905	0.919298	83.930352	83.9354	93.69118	0.36392	2	1	1
4	-4	3	0.86382	18.765084	69.13184	71.6334	126.18363	0.36006	2	1	1
7	-3	2	1.022505	80.346081	-23.337034	83.6667	97.76156	0.35761	2	1	1
6	-2	5	0.975058	36.700886	73.889711	82.5024	104.37118	0.35361	2	1	1
9	3	1	0.988368	-15.345452	-81.385895	82.82	102.40438	0.35305	2	1	1
3	-1	-7	1.035257	-1.123489	-82.736302	82.7439	96.15739	0.35059	2	1	1
6	-4	-2	0.905977	-75.258108	16.379333	77.0199	116.47514	0.34991	2	1	1
1	3	3	1.137676	45.750554	-64.425324	79.0173	85.23158	0.34894	2	1	1
7	3	-5	0.94892	-44.298249	66.720954	80.0876	108.53671	0.34364	2	1	1
10	-2	3	0.977688	-48.286768	-64.483423	80.5588	103.97476	0.33642	2	1	1
13	-3	-3	0.861915	60.611948	-32.45865	68.7559	126.68489	0.33519	2	1	1
8	2	5	0.90078	-67.249558	-32.314322	74.6104	117.55127	0.3338	2	1	1
3	-1	3	1.760265	-39.683999	24.928831	46.8643	51.90202	0.32977	2	1	1
16	0	-3	0.942818	-76.203157	-13.322218	77.3589	109.57411	0.32381	2	1	1
7	-1	-4	1.478799	38.990541	-42.185312	57.4444	62.7844	0.32258	2	1	1
1	1	1	3.273385	9.471168	20.682422	22.7479	27.2211	0.3224	2	1	1
15	1	-4	0.945721	23.665678	-73.525539	77.2403	109.0773	0.32126	2	1	1
3	1	1	2.66649	4.79347	-27.944024	28.3522	33.58186	0.31916	2	1	1
2	-4	0	0.974477	24.138736	-74.531836	78.3433	104.45928	0.31902	2	1	1
0	0	5	1.450589	58.423614	0.048633	58.4236	64.14925	0.31834	2	1	1
7	1	-7	1.010386	-31.732136	72.044011	78.7227	99.34866	0.31666	2	1	1
7	-1	-7	1.010386	-10.222296	-77.581299	78.2519	99.34866	0.31289	2	1	1
8	-2	5	0.90078	-71.045029	12.814054	72.1914	117.55127	0.3125	2	1	1
11	3	0	0.934046	-55.837098	-50.587828	75.3453	111.11378	0.31221	2	1	1
2	-2	-6	1.053171	-68.416516	-36.728783	77.6519	94.00894	0.31101	2	1	1
1	-3	3	1.137676	21.884261	71.14733	74.437	85.23158	0.30966	2	1	1
6	-2	-5	1.153409	-67.949041	28.137394	73.5444	83.80167	0.30864	2	1	1
8	0	6	0.904265	-69.874823	-17.792131	72.1044	116.82656	0.3083	2	1	1
7	3	-2	1.106745	53.871809	53.018391	75.5852	88.21418	0.30786	2	1	1
15	-1	-4	0.945721	-5.731664	75.303499	75.5213	109.0773	0.30712	2	1	1
5	3	0	1.196546	-70.880152	-2.044826	70.9096	80.14651	0.30558	2	1	1
11	1	-7	0.922415	-24.906596	69.193386	73.5395	113.2498	0.30509	2	1	1
6	2	-5	1.153409	-62.225918	-37.98095	72.9014	83.80167	0.30327	2	1	1
11	1	2	1.107637	-21.604661	71.653202	74.8394	88.12479	0.3021	2	1	1
13	3	-2	0.871689	34.657445	-57.203198	66.8831	124.17969	0.30148	2	1	1
11	3	-5	0.861837	-46.442127	-45.56834	65.0642	126.7054	0.30029	2	1	1
2	2	-6	1.053171	-76.27967	-0.083311	76.2797	94.00894	0.30012	2	1	1
4	0	3	1.808529	39.977995	16.133333	43.1106	50.41835	0.29811	2	1	1
8	0	4	1.145029	-69.248751	-21.417755	72.4852	84.55642	0.29646	2	1	1
9	-1	0	1.503395	20.579081	49.88648	53.9644	61.64384	0.29644	2	1	1
3	-1	1	2.66649	-0.189467	27.306425	27.3071	33.58186	0.29606	2	1	1
8	-2	4	0.989504	53.509332	53.484153	75.6558	102.24091	0.29443	2	1	1
11	-1	0	1.260881	50.309149	-42.640338	65.9485	75.31202	0.29334	2	1	1
12	-2	-4	1.002876	50.07686	56.703612	75.6505	100.36493	0.29285	2	1	1
11	-1	-7	0.922415	-3.459955	-71.894267	71.9775	113.2498	0.29227	2	1	1
12	2	-3	1.041874	68.057909	32.409182	75.3806	95.35001	0.2916	2	1	1
7	-3	-5	0.94892	-18.986443	-71.047555	73.5407	108.53671	0.28975	2	1	1
4	4	2	0.903473	-52.191604	-46.08461	69.6258	116.99006	0.28818	2	1	1
5	-3	5	0.877479	-66.22304	-2.662675	66.2765	122.76862	0.28814	2	1	1
11	-1	2	1.107637	0.382565	-72.893552	72.8946	88.12479	0.2866	2	1	1
12	-2	-5	0.95116	29.825264	66.419219	72.8084	108.16245	0.28306	2	1	1
4	2	-7	0.942963	62.953758	35.594414	72.3197	109.54923	0.28293	2	1	1
7	-1	1	1.697074	26.010779	-37.092189	45.3033	53.98795	0.28171	2	1	1
6	4	-1	0.916192	69.359038	8.802726	69.9154	114.44064	0.28011	2	1	1
5	1	-7	1.032718	-27.222282	68.625265	73.8274	96.47163	0.27891	2	1	1
11	1	4	0.931189	19.991792	-68.057958	70.9335	111.6281	0.27833	2	1	1
4	-2	-7	0.942963	68.229219	-21.768593	71.6177	109.54923	0.27746	2	1	1
9	1	0	1.503395	25.339385	-45.582261	52.152	61.64384	0.27686	2	1	1
12	-2	-3	1.041874	72.438091	-10.900371	73.2536	95.35001	0.27537	2	1	1
7	1	2	1.508827	-18.50765	-48.358049	51.7787	61.39782	0.27534	2	1	1
12	0	-4	1.165893	-65.054939	-21.388147	68.4806	82.70541	0.27231	2	1	1
5	-1	-7	1.032718	-8.135913	-72.440231	72.8957	96.47163	0.27192	2	1	1
10	0	3	1.12683	65.821324	22.462668	69.5487	86.25055	0.26669	2	1	1
3	3	-5	0.988193	-60.719803	38.599961	71.9503	102.42964	0.26648	2	1	1
11	-1	4	0.931189	-9.095055	68.805237	69.4038	111.6281	0.26646	2	1	1
0	-2	7	0.916671	56.378491	-38.126906	68.0602	114.34767	0.26511	2	1	1
3	-3	-5	0.988193	-47.644593	-53.559549	71.6843	102.42964	0.26452	2	1	1
7	3	2	1.022505	55.365765	45.755822	71.8259	97.76156	0.26355	2	1	1
7	-3	-3	1.068169	63.801505	-30.783495	70.8396	92.29688	0.26124	2	1	1
1	3	-6	0.897718	3.680105	-64.779057	64.8835	118.19897	0.25504	2	1	1
7	1	-4	1.478799	12.625994	49.445883	51.0325	62.7844	0.25459	2	1	1
10	0	-5	1.202524	64.048905	3.329399	64.1354	79.66814	0.25231	2	1	1
13	3	-3	0.861915	31.572356	50.375285	59.4515	126.68489	0.25061	2	1	1
6	-4	-1	0.916192	61.930354	22.770893	65.984	114.44064	0.24949	2	1	1
3	-3	3	1.091128	67.215243	-13.326474	68.5236	89.81482	0.24909	2	1	1
9	-1	-6	1.080426	-23.890857	64.413201	68.701	90.95186	0.24803	2	1	1
7	1	1	1.697074	7.06841	41.850018	42.4427	53.98795	0.24726	2	1	1
4	4	3	0.86382	38.960354	-44.6587	59.2647	126.18363	0.24645	2	1	1
4	-4	2	0.903473	-57.788001	28.342299	64.3641	116.99006	0.24627	2	1	1
1	-3	-6	0.897718	-28.346339	56.832611	63.5095	118.19897	0.24435	2	1	1
13	-3	-2	0.871689	12.132581	58.930388	60.1664	124.17969	0.24397	2	1	1
4	4	-3	0.905321	-44.863808	-45.924905	64.2017	116.6094	0.24362	2	1	1
2	4	0	0.974477	4.840851	68.275189	68.4466	104.45928	0.24351	2	1	1
10	2	3	0.977688	-64.308068	23.446221	68.4489	103.97476	0.24288	2	1	1
9	1	-6	1.080426	8.507732	-67.235755	67.7719	90.95186	0.24136	2	1	1
7	-3	-4	1.013006	-64.032351	24.738207	68.6449	99.00009	0.24071	2	1	1
6	-2	-3	1.403649	17.113762	-49.906757	52.7595	66.56692	0.23977	2	1	1
10	-2	-5	1.025905	-55.194287	39.153475	67.6713	97.32739	0.23403	2	1	1
0	-4	4	0.864331	-13.229647	-56.165899	57.703	126.05021	0.23299	2	1	1
5	3	-1	1.20172	-3.956441	61.423996	61.5513	79.73206	0.2321	2	1	1
8	2	4	0.989504	65.596193	-14.064324	67.087	102.24091	0.23151	2	1	1
12	-2	0	1.036825	-50.697828	43.532559	66.8233	95.96459	0.22876	2	1	1
0	-2	4	1.33303	20.754704	50.44637	54.549	70.59945	0.22701	2	1	1
0	2	7	0.916671	43.762587	45.101329	62.8434	114.34767	0.22602	2	1	1
8	-2	-7	0.909676	47.224021	-40.297634	62.0807	115.72663	0.22485	2	1	1
4	2	3	1.331157	-43.71448	32.106368	54.2381	70.71368	0.22371	2	1	1
9	-3	-6	0.853154	30.404066	-44.723466	54.0795	129.07879	0.21837	2	1	1
4	-4	-3	0.905321	-53.50358	28.650127	60.6915	116.6094	0.21771	2	1	1
12	2	-4	1.002876	62.92766	-17.152934	65.2236	100.36493	0.21769	2	1	1
13	-1	-3	1.098387	-38.428693	50.952887	63.8198	89.06246	0.21759	2	1	1
6	-4	-3	0.882724	-9.289944	57.344375	58.092	121.53279	0.21639	2	1	1
0	-2	5	1.167344	-44.968449	41.181719	60.9762	82.58008	0.21635	2	1	1
0	-2	1	1.89793	-25.928722	22.93626	34.6175	47.89023	0.21607	2	1	1
6	2	5	0.975058	55.052626	-32.987793	64.1793	104.37118	0.21399	2	1	1
3	1	3	1.760265	-18.996853	-32.329062	37.4973	51.90202	0.21112	2	1	1
5	-3	-1	1.20172	19.579337	-55.317157	58.68	79.73206	0.21095	2	1	1
10	2	0	1.174433	44.08537	-40.524607	59.8812	81.97403	0.2108	2	1	1
12	0	0	1.220216	57.749473	1.720391	57.7751	78.28906	0.21056	2	1	1
15	1	-6	0.861235	-8.703485	53.614182	54.316	126.86518	0.20998	2	1	1
17	1	-2	0.870875	-23.303221	50.470857	55.5909	124.38232	0.2091	2	1	1
2	-4	3	0.892939	-35.619424	45.982022	58.1643	119.23146	0.20844	2	1	1
17	-1	-2	0.870875	-7.258993	-54.927627	55.4052	124.38232	0.20771	2	1	1
5	-1	-5	1.37175	19.279693	46.536722	50.3723	68.32512	0.20694	2	1	1
0	4	3	0.910786	-47.183515	-36.493082	59.6492	115.5045	0.20693	2	1	1
5	3	-3	1.121889	49.257224	-36.544391	61.3332	86.72417	0.20619	2	1	1
0	0	7	1.036135	-62.855919	-4.075299	62.9879	96.04931	0.20321	2	1	1
11	1	0	1.260881	16.060818	52.385597	54.7923	75.31202	0.20249	2	1	1
5	3	5	0.877479	-52.551067	-17.953025	55.5331	122.76862	0.2023	2	1	1
15	-1	-6	0.861235	17.630709	-50.291202	53.2921	126.86518	0.20213	2	1	1
1	-3	-5	0.982117	-58.77751	-21.091015	62.447	103.31612	0.2015	2	1	1
9	3	-6	0.853154	2.954457	51.85608	51.9402	129.07879	0.20143	2	1	1
7	3	-1	1.121975	-17.103297	58.065578	60.5321	86.71593	0.20086	2	1	1
10	2	-5	1.025905	-43.796274	-44.615684	62.5194	97.32739	0.19976	2	1	1
5	-3	-3	1.121889	36.666815	47.947322	60.3606	86.72417	0.1997	2	1	1
3	3	-3	1.154778	37.940141	-45.150825	58.975	83.67984	0.19884	2	1	1
1	3	5	0.959248	-40.537661	45.450098	60.9017	106.83914	0.19589	2	1	1
2	4	3	0.892939	-20.495776	-52.101105	55.9875	119.23146	0.19313	2	1	1
7	3	-3	1.068169	38.704396	46.917578	60.8218	92.29688	0.19257	2	1	1
5	1	-5	1.37175	23.468809	-42.283432	48.3598	68.32512	0.19073	2	1	1
9	-1	4	1.038812	34.085068	-50.317257	60.7751	95.72159	0.18934	2	1	1
15	-1	-3	0.971263	-35.140446	48.619296	59.9891	104.94992	0.18759	2	1	1
0	2	1	1.89793	-19.925806	-25.254523	32.1688	47.89023	0.18659	2	1	1
7	-3	-1	1.121975	7.404005	-57.838296	58.3103	86.71593	0.18638	2	1	1
2	-2	7	0.884313	-0.58554	-54.061585	54.0648	121.16598	0.1862	2	1	1
11	3	2	0.866362	31.695183	-40.942608	51.7772	125.52467	0.18559	2	1	1
5	-1	6	0.99226	-22.666188	55.645556	60.0848	101.84708	0.18545	2	1	1
3	3	3	1.091128	49.625616	31.913604	59.0015	89.81482	0.18467	2	1	1
16	0	0	0.915162	56.439132	5.246505	56.6825	114.64121	0.18461	2	1	1
7	3	-4	1.013006	-41.884228	-42.952218	59.9932	99.00009	0.18386	2	1	1
5	1	6	0.99226	6.10742	-59.423025	59.7361	101.84708	0.1833	2	1	1
12	2	0	1.036825	-37.919897	-46.168282	59.7447	95.96459	0.18286	2	1	1
15	1	2	0.863814	-20.818799	46.525357	50.9709	126.18517	0.1823	2	1	1
13	1	-3	1.098387	-3.990525	-58.087787	58.2247	89.06246	0.18111	2	1	1
15	-1	2	0.863814	-5.198517	-50.311073	50.5789	126.18517	0.17951	2	1	1
11	-1	-5	1.098227	44.386147	-36.803492	57.6596	89.07891	0.17758	2	1	1
3	-3	-3	1.154778	23.2286	50.465212	55.5545	83.67984	0.17645	2	1	1
8	2	-7	0.909676	35.013626	42.163944	54.8065	115.72663	0.17525	2	1	1
6	0	5	1.122808	-51.658721	-22.172326	56.216	86.63564	0.1734	2	1	1
0	-4	3	0.910786	-50.8254	19.604601	54.4753	115.5045	0.17259	2	1	1
9	3	-3	1.002171	27.849478	-50.526965	57.6937	100.46163	0.17036	2	1	1
1	-3	5	0.959248	-25.953039	-50.462502	56.7453	106.83914	0.17006	2	1	1
4	-2	-4	1.339485	-40.326426	23.961049	46.9079	70.20893	0.16975	2	1	1
0	2	5	1.167344	-35.937784	-39.751063	53.588	82.58008	0.16709	2	1	1
8	0	-1	1.898345	-29.281678	-7.974392	30.3481	47.8791	0.16615	2	1	1
9	1	4	1.038812	1.764637	56.74429	56.7717	95.72159	0.16522	2	1	1
10	0	0	1.464259	-36.347826	-19.08004	41.0513	63.48002	0.16081	2	1	1
1	3	-5	0.982117	-55.383848	4.542825	55.5698	103.31612	0.15956	2	1	1
0	4	4	0.864331	-29.840556	37.204373	47.693	126.05021	0.15917	2	1	1
6	4	-3	0.882724	8.41585	-49.101333	49.8173	121.53279	0.15914	2	1	1
16	-2	-2	0.854804	25.256782	-38.742964	46.2485	128.6161	0.15808	2	1	1
15	1	-3	0.971263	-0.215731	-54.907118	54.9075	104.94992	0.15716	2	1	1
12	2	-5	0.95116	45.526405	-29.291972	54.1357	108.16245	0.15649	2	1	1
1	-1	-5	1.387362	28.114994	32.605461	43.0531	67.45229	0.15528	2	1	1
11	-3	2	0.866362	16.40686	44.265784	47.2085	125.52467	0.15428	2	1	1
9	-3	0	1.020809	-47.50567	-27.237682	54.7602	97.97987	0.15317	2	1	1
4	2	-4	1.339485	-35.269116	-27.029721	44.4355	70.20893	0.15232	2	1	1
4	4	1	0.933294	52.190322	4.488401	52.383	111.24854	0.15113	2	1	1
10	-2	-7	0.874934	21.453135	-41.835952	47.0158	123.3826	0.1467	2	1	1
8	0	-7	1.026064	-52.743453	-1.41499	52.7624	97.30723	0.14228	2	1	1
5	-3	-5	0.976532	-45.290669	-26.247661	52.3468	104.14855	0.14218	2	1	1
9	-3	-3	1.002171	9.303583	51.816934	52.6455	100.46163	0.14185	2	1	1
0	0	4	1.813236	-26.886006	-12.397321	29.6066	50.27838	0.14149	2	1	1
6	2	-3	1.403649	5.522091	40.140849	40.5189	66.56692	0.14142	2	1	1
1	3	-3	1.160439	30.684177	-38.135326	48.9471	83.18027	0.13805	2	1	1
6	4	1	0.893947	42.810271	19.827132	47.1787	119.01148	0.13664	2	1	1
0	2	4	1.33303	31.546587	-27.312583	41.7273	70.59945	0.13284	2	1	1
9	3	0	1.020809	-48.348766	16.201136	50.991	97.97987	0.13281	2	1	1
4	-4	1	0.933294	44.792105	17.119183	47.952	111.24854	0.12665	2	1	1
8	-2	-3	1.28233	-0.128445	-41.645723	41.6459	73.84017	0.1213	2	1	1
5	3	-5	0.976532	-45.846456	15.354341	48.3493	104.14855	0.12129	2	1	1
9	-3	3	0.88883	31.942238	30.176876	43.9426	120.1412	0.12082	2	1	1
2	-2	1	1.806946	16.124302	22.238922	27.4693	50.46563	0.12077	2	1	1
6	0	6	0.984217	-46.930759	-10.889586	48.1776	103.00755	0.11976	2	1	1
1	-3	-3	1.160439	19.82487	40.892069	45.4443	83.18027	0.119	2	1	1
6	-4	1	0.893947	44.012624	-0.192644	44.013	119.01148	0.11892	2	1	1
11	1	-5	1.098227	11.314208	45.470887	46.8574	89.07891	0.11728	2	1	1
9	3	3	0.88883	38.207132	-19.793309	43.0298	120.1412	0.11585	2	1	1
9	-1	3	1.155791	-11.873155	-43.078829	44.6851	83.58995	0.11431	2	1	1
1	1	-5	1.387362	26.141422	-26.058678	36.9111	67.45229	0.11413	2	1	1
7	-1	5	1.029503	37.739204	-27.659158	46.7897	96.87314	0.11195	2	1	1
9	1	3	1.155791	-20.358275	38.951937	43.9513	83.58995	0.11059	2	1	1
6	2	6	0.880133	40.186935	8.478753	41.0716	122.13849	0.10937	2	1	1
12	0	-5	1.086745	-40.768687	-19.858476	45.348	90.27641	0.10866	2	1	1
8	-2	-1	1.365775	19.844107	30.564633	36.4415	68.66568	0.1072	2	1	1
7	-3	1	1.075566	-40.439074	19.944694	45.09	91.47958	0.10642	2	1	1
6	-2	6	0.880133	38.759031	11.433524	40.4102	122.13849	0.10587	2	1	1
3	-1	-8	0.911662	-24.178889	34.438531	42.0789	115.33019	0.10272	2	1	1
2	-2	-1	1.869029	-0.797539	23.884869	23.8982	48.67832	0.09923	2	1	1
16	2	-2	0.854804	12.984683	33.405353	35.8402	128.6161	0.09493	2	1	1
14	-2	-2	0.9497	20.827469	-36.526631	42.0473	108.40609	0.09461	2	1	1
6	0	-3	2.004206	-20.582449	5.221137	21.2343	45.20553	0.09265	2	1	1
14	-2	1	0.890235	25.336032	28.574215	38.189	119.82777	0.09076	2	1	1
4	-4	-4	0.866083	17.58974	-31.171716	35.7921	125.59648	0.08881	2	1	1
12	-2	3	0.883403	-5.315107	-36.755738	37.138	121.37569	0.08819	2	1	1
2	4	-3	0.915107	-22.09703	-32.338914	39.1674	114.6519	0.08816	2	1	1
3	-1	7	0.935298	-13.258313	-37.77162	40.031	110.89038	0.08791	2	1	1
2	-4	-3	0.915107	-26.879187	28.332228	39.0539	114.6519	0.08765	2	1	1
11	1	-4	1.184236	13.344795	-35.876091	38.2776	81.1524	0.08739	2	1	1
3	1	-8	0.911662	1.507933	-38.740759	38.7701	115.33019	0.0872	2	1	1
7	3	1	1.075566	-25.331	-31.818465	40.6703	91.47958	0.08658	2	1	1
5	-3	3	1.028919	40.813486	1.758168	40.8513	96.94657	0.08533	2	1	1
11	-1	-4	1.184236	5.610406	37.182016	37.6029	81.1524	0.08434	2	1	1
14	-2	-4	0.914096	-7.904844	36.855009	37.6932	114.84988	0.08187	2	1	1
8	2	-1	1.365775	27.27541	-16.413009	31.8329	68.66568	0.0818	2	1	1
3	1	7	0.935298	-17.770601	34.166209	38.5114	110.89038	0.08136	2	1	1
12	-2	2	0.942257	13.772718	-36.02228	38.5654	109.67099	0.08055	2	1	1
2	2	7	0.884313	-14.562812	31.306034	34.5274	121.16598	0.07594	2	1	1
2	2	1	1.806946	19.352617	-9.79193	21.6888	50.46563	0.07529	2	1	1
8	-4	-1	0.873069	-7.934639	-32.310559	33.2706	123.83858	0.07411	2	1	1
4	4	-4	0.866083	9.711785	31.116865	32.5972	125.59648	0.07367	2	1	1
10	2	-7	0.874934	11.119299	31.157435	33.0821	123.3826	0.07263	2	1	1
15	-1	-1	0.972185	16.900487	-32.913389	36.9989	104.80857	0.0713	2	1	1
14	2	1	0.890235	32.736396	-7.813181	33.6559	119.82777	0.07049	2	1	1
1	-1	7	0.982568	-35.994506	6.398681	36.5588	103.24967	0.06904	2	1	1
3	-3	4	1.006048	-34.297081	-13.04353	36.6936	99.93255	0.06885	2	1	1
5	-1	5	1.131156	35.105445	-0.148831	35.1058	85.84078	0.06831	2	1	1
15	1	-1	0.972185	-2.669113	35.862223	35.9614	104.80857	0.06735	2	1	1
7	1	5	1.029503	9.208771	34.855474	36.0514	96.87314	0.06646	2	1	1
14	0	1	0.998406	-34.139077	-11.423488	35.9996	100.98234	0.06641	2	1	1
1	-3	1	1.279809	-29.245197	8.884668	30.565	74.00986	0.06506	2	1	1
7	-3	4	0.892782	-31.095474	7.526958	31.9935	119.26596	0.0631	2	1	1
15	-1	-2	0.980564	-32.256325	12.437383	34.5711	103.54586	0.06182	2	1	1
3	-1	4	1.4574	16.426591	19.631052	25.5971	63.81395	0.06181	2	1	1
1	-3	-1	1.290426	-23.178676	-17.882384	29.2751	73.30097	0.06077	2	1	1
10	-2	4	0.901944	-24.221598	20.726842	31.8793	117.30768	0.06071	2	1	1
1	3	-1	1.290426	-26.732201	10.379423	28.6765	73.30097	0.05831	2	1	1
8	4	-1	0.873069	-19.138552	22.391551	29.4562	123.83858	0.05809	2	1	1
3	3	4	1.006048	-33.430035	3.190304	33.5819	99.93255	0.05767	2	1	1
2	2	-1	1.869029	4.087582	-17.635537	18.1031	48.67832	0.05694	2	1	1
5	3	3	1.028919	32.372665	7.332932	33.1928	96.94657	0.05633	2	1	1
5	-1	3	1.529668	-21.261295	-8.807788	23.0135	60.47308	0.05626	2	1	1
3	-3	-1	1.26205	-21.298061	19.249119	28.7078	75.23011	0.05569	2	1	1
13	-1	-5	0.998518	19.024815	25.955156	32.181	100.96666	0.05306	2	1	1
8	2	-3	1.28233	-8.070094	26.227022	27.4405	73.84017	0.05266	2	1	1
4	2	-1	1.734927	-18.338734	-4.843	18.9674	52.71792	0.05213	2	1	1
14	2	-2	0.9497	12.16549	28.241657	30.7505	108.40609	0.0506	2	1	1
1	3	1	1.279809	-21.297673	-16.388311	26.8732	74.00986	0.05029	2	1	1
10	0	-8	0.882905	25.879976	10.692032	28.0017	121.49069	0.05024	2	1	1
9	-1	-7	0.971852	-30.778468	-2.511747	30.8808	104.85962	0.04968	2	1	1
11	3	-4	0.901573	-23.090556	16.958206	28.6488	117.38513	0.04909	2	1	1
14	0	2	0.940614	-29.873934	0.531063	29.8787	109.9555	0.04849	2	1	1
3	1	4	1.4574	16.333506	-15.700907	22.6562	63.81395	0.04842	2	1	1
10	2	4	0.901944	-17.237075	-22.517193	28.3574	117.30768	0.04804	2	1	1
11	-3	-4	0.901573	-19.071646	-20.415437	27.9377	117.38513	0.04668	2	1	1
4	-2	-1	1.734927	-17.383634	3.545917	17.7416	52.71792	0.04561	2	1	1
0	-4	1	0.974313	16.107715	-24.771145	29.5477	104.48409	0.04539	2	1	1
13	-1	2	0.971757	-27.411172	8.159444	28.5998	104.87419	0.04262	2	1	1
3	3	-1	1.26205	-9.902597	-23.066298	25.1021	75.23011	0.04258	2	1	1
14	2	-4	0.914096	3.5118	-26.637356	26.8679	114.84988	0.0416	2	1	1
0	4	1	0.974313	7.108295	27.312833	28.2227	104.48409	0.04141	2	1	1
7	3	4	0.892782	-20.483892	-15.092372	25.4435	119.26596	0.03991	2	1	1
2	-4	1	0.961324	-12.489994	-23.839089	26.9129	106.50644	0.03816	2	1	1
10	0	1	1.366613	21.575245	1.205497	21.6089	68.61772	0.03775	2	1	1
13	1	-5	0.998518	16.828323	-21.271712	27.1234	100.96666	0.03769	2	1	1
12	2	2	0.942257	5.275528	25.665978	26.2026	109.67099	0.03719	2	1	1
12	2	3	0.883403	-14.560451	19.15267	24.0589	121.37569	0.03701	2	1	1
10	0	4	1.015007	25.922736	1.021681	25.9429	98.73593	0.03438	2	1	1
16	0	-2	0.949173	-24.954451	2.739908	25.1044	108.49435	0.03375	2	1	1
2	-4	-1	0.970337	0.141267	-25.242857	25.2433	105.09251	0.03325	2	1	1
14	0	-2	1.084569	-24.799973	3.821257	25.0926	90.50776	0.0332	2	1	1
10	0	-7	0.976963	-24.629153	5.039156	25.1394	104.0837	0.03278	2	1	1
1	-1	8	0.868436	-3.837722	-19.633055	20.0046	124.99563	0.02741	2	1	1
2	0	-1	6.012619	0.672628	-3.399767	3.46567	14.72116	0.02674	2	1	1
1	1	8	0.868436	-7.602641	18.219212	19.7418	124.99563	0.02669	2	1	1
15	1	-2	0.980564	-11.52872	-19.394645	22.5624	103.54586	0.02633	2	1	1
1	1	7	0.982568	-16.335319	-14.938031	22.1357	103.24967	0.02531	2	1	1
5	1	5	1.131156	19.597183	8.352956	21.3031	85.84078	0.02516	2	1	1
2	4	1	0.961324	-17.658103	12.817338	21.8195	106.50644	0.02508	2	1	1
2	4	-1	0.970337	-7.315692	20.288953	21.5676	105.09251	0.02427	2	1	1
5	1	3	1.529668	-13.881584	5.272844	14.8493	60.47308	0.02342	2	1	1
7	-1	4	1.16452	17.150464	-7.367245	18.6659	82.82433	0.02019	2	1	1
13	1	2	0.971757	-10.598793	-14.217194	17.7331	104.87419	0.01638	2	1	1
10	-2	1	1.122221	-15.85204	6.69867	17.2093	86.69215	0.01624	2	1	1
10	2	1	1.122221	-14.834456	-8.21148	16.9555	86.69215	0.01576	2	1	1
12	0	2	1.073522	-15.954431	5.042163	16.7322	91.70368	0.01463	2	1	1
9	1	-7	0.971852	-15.071213	-4.284939	15.6685	104.85962	0.01279	2	1	1
2	0	6	1.144802	-14.278678	-2.134038	14.4373	84.57708	0.01176	2	1	1
3	3	1	1.232924	-5.722682	11.935414	13.2364	77.33089	0.01128	2	1	1
12	-2	-6	0.892854	7.013042	-11.11845	13.1454	119.25026	0.01065	2	1	1
8	0	-3	1.69144	-2.496738	7.831235	8.21961	54.18247	0.0092	2	1	1
12	0	3	0.988796	9.076945	9.287813	12.9867	102.34275	0.00868	2	1	1
6	0	-8	0.93478	-12.535879	0.728411	12.557	110.98265	0.00866	2	1	1
7	1	4	1.16452	6.427959	10.331792	12.1682	82.82433	0.00858	2	1	1
2	0	7	0.990072	4.805799	11.947106	12.8775	102.15934	0.00853	2	1	1
3	-3	1	1.232924	-3.528116	-10.536911	11.1119	77.33089	0.00795	2	1	1
12	2	-6	0.892854	2.343247	10.62832	10.8836	119.25026	0.0073	2	1	1
11	-3	-1	0.949075	-10.213826	5.364235	11.5368	108.51069	0.00713	2	1	1
2	2	6	0.989358	11.059628	1.959063	11.2318	102.26195	0.00649	2	1	1
5	-3	-6	0.900669	9.380883	3.84143	10.1369	117.57461	0.00616	2	1	1
5	3	-6	0.900669	9.974417	-0.470035	9.98549	117.57461	0.00598	2	1	1
2	-2	6	0.989358	10.403421	1.529788	10.5153	102.26195	0.00569	2	1	1
11	-1	-1	1.298606	5.904355	-4.90883	7.67841	72.76482	0.00424	2	1	1
11	3	-1	0.949075	-5.157525	-7.235242	8.88531	108.51069	0.00423	2	1	1
11	1	-1	1.298606	1.04354	5.613584	5.70975	72.76482	0.00234	2	1	1
14	0	-4	1.03242	3.693635	-5.645547	6.74649	96.50871	0.00233	2	1	1
4	-4	-1	0.949998	2.444237	-6.122832	6.59268	108.35626	0.00232	2	1	1
5	-1	-6	1.182188	-4.252364	-4.579755	6.24954	81.32249	0.00232	2	1	1
5	1	-6	1.182188	-4.916186	3.221335	5.87757	81.32249	0.00205	2	1	1
4	4	-1	0.949998	3.588077	4.679704	5.89694	108.35626	0.00186	2	1	1
12	0	-6	1.002103	-5.02811	0.484344	5.05138	100.47096	0.00131	2	1	1