     0     -1      2   -0.0   -1.0    2.0   1.729   0.000  29.303  31.535
     0     -1      3   -0.0   -1.0    3.0  14.519   0.000  36.326  45.235
     0      0      0    0.0    0.0    0.0   0.000   0.000   0.000   0.000
     0      0      2    0.0   -0.0    2.0  15.383   0.000   0.000  30.765
     1     -1      1    1.0   -1.0    1.0  64.643   0.000  26.036  18.128
     1     -1      2    1.0   -1.0    2.0  48.405   0.000  29.136  31.043
     1     -1      3    1.0   -1.0    3.0  46.563   0.000  36.081  44.901
     1      0      1    1.0   -0.0    1.0  75.383   0.000   0.000  30.765
     1      0      2    1.0   -0.0    2.0  61.436   0.000   0.000  41.086
     1      0      3    1.0    0.0    3.0  57.352   0.000   0.000  54.703
     2     -1      2    2.0   -1.0    2.0  84.069   0.000  37.564  46.824
     2      0      1    2.0   -0.0    1.0 102.466   0.000   0.000  57.137
