     0      0      0    0.0    0.0    0.0   0.000   0.000   0.000   0.000
     0      0      2   -0.0   -0.0    2.0   4.007   0.000   0.000   8.014
     0      0      4    0.0    0.0    4.0   8.033   0.000   0.000  16.067
     0      0      6    0.0    0.0    6.0  12.100   0.000   0.000  24.201
     0      0      8    0.0    0.0    8.0  16.230   0.000   0.000  32.461
     1     -1      2    1.0   -1.0    2.0  58.817   0.000  28.024   4.150
     1     -1      3    1.0   -1.0    3.0  38.945   0.000  28.357   9.383
     1     -1      4    1.0   -1.0    4.0  32.179   0.000  28.835  13.684
     1     -1      5    1.0   -1.0    5.0  29.271   0.000  29.473  17.744
     1     -1      6    1.0   -1.0    6.0  28.132   0.000  30.287  21.699
     1     -1      7    1.0   -1.0    7.0  27.972   0.000  31.304  25.594
     1     -1      8    1.0   -1.0    8.0  28.419   0.000  32.556  29.448
     1     -1      9    1.0   -1.0    9.0  29.277   0.000  34.087  33.268
     1      0      1    1.0   -0.0    1.0  96.047   0.000  14.785  23.341
     1      0      2    1.0   -0.0    2.0  87.172   0.000  14.902  24.344
     1      0      3    1.0   -0.0    3.0  79.448   0.000  15.102  25.935
     1      0      4    1.0    0.0    4.0  73.026   0.000  15.391  28.017
     1      0      5    1.0    0.0    5.0  67.877   0.000  15.779  30.499
     1      0      6    1.0   -0.0    6.0  63.870   0.000  16.279  33.298
     1      0      7    1.0    0.0    7.0  60.842   0.000  16.912  36.350
     1      0      8    1.0    0.0    8.0  58.630   0.000  17.705  39.605
     1      0      9    1.0    0.0    9.0  57.096   0.000  18.694  43.027
     1      1      2    1.0    1.0    2.0 104.548   0.000   0.000  48.635
     1      1      4    1.0    1.0    4.0  96.415   0.000   0.000  50.835
     1      1      6    1.0    1.0    6.0  89.860   0.000   0.000  54.357
     1      1      8    1.0    1.0    8.0  84.966   0.000   0.000  59.044
     2      0      1    2.0    0.0    1.0 117.904   0.000  40.000  43.201
