   h    k    l      d (Å)      F(real)      F(imag)          |F|         2θ          I    M ID(λ) Phase
   1    1    0   2.216000   260.934014    33.963196      263.135   34.38435  100.00000    6     1     1
   1    0   -2   2.667174  -186.407966   -23.303315      187.859   28.43202   76.75834    6     1     1
   1    0    2   2.667174  -184.704257   -31.786439      187.419   28.43202   76.39961    6     1     1
   1    1   -4   1.422191   206.902520    18.062132      207.689   54.84611   21.87385    6     1     1
   1    1    4   1.422191   200.157674    47.781101      205.782   54.84611   21.47387    6     1     1
   2    0   -2   1.704465  -160.557280   -23.745028      162.304   45.19870   20.73396    6     1     1
   2    0    2   1.704465  -158.853571   -31.344726      161.916   45.19870   20.63517    6     1     1
   1    0    1   3.408930   -26.420887    68.612104      73.5234   22.15568   19.87537    6     1     1
   2    1   -2   1.351044  -143.779604   -24.004252       145.77   58.00008   18.98611   12     1     1
   2    1    2   1.351044  -142.075895   -31.085503      145.437   58.00008   18.89952   12     1     1
   1    0   -1   3.408930     9.253997    70.803330      71.4055   22.15568   18.74684    6     1     1
   3    0    0   1.279408   205.899785    33.963196      208.682   61.58834   17.00920    6     1     1
   2    2    0   1.108000   189.084706    33.963196      192.111   72.47806   10.23992    6     1     1
   4    1    0   0.837569   155.289343    33.963196       158.96  102.89269    9.98053   12     1     1
   4    1   -4   0.763328   138.271377    20.450617      139.776  118.20444    9.06548   12     1     1
   4    1    4   0.763328   131.526531    45.392616      139.139  118.20444    8.98313   12     1     1
   0    0   -4   1.854500   232.375132    16.787825      232.981   41.36571    8.68907    1     1     1
   0    0    4   1.854500   225.630286    49.055408      230.901   41.36571    8.53466    1     1     1
   1    0    3   2.078663   -54.328149    59.418038      80.5112   36.73447    8.10026    6     1     1
   3    0   -4   1.053108   174.555017    19.365868      175.626   76.92008    7.67532    6     1     1
   3    0    4   1.053108   167.810171    46.477366      174.128   76.92008    7.54490    6     1     1
   3    1   -2   1.023221  -122.000673   -24.268372      124.391   79.60382    7.27814   12     1     1
   3    1    2   1.023221  -120.296964   -30.821383      124.183   79.60382    7.25378   12     1     1
   1    0   -3   2.078663    37.629008    65.891855      75.8794   36.73447    7.19505    6     1     1
   2    2   -4   0.951164   163.171168    19.727751      164.359   87.04350    5.64826    6     1     1
   2    2    4   0.951164   156.426322    46.115482      163.082   87.04350    5.56082    6     1     1
   3    3    0   0.738667   139.928302    33.963196      143.991  124.93105    5.43099    6     1     1
   1    0   -6   1.176791  -122.389507   -15.563486      123.375   67.64179    4.85428    6     1     1
   1    0    6   1.176791  -117.419601   -37.495682      123.261   67.64179    4.84531    6     1     1
   2    1    6   0.940977  -101.395500   -36.747486      107.849   88.22747    4.79958   12     1     1
   2    1   -6   0.940977  -106.365406   -16.311682      107.609   88.22747    4.77822   12     1     1
   3    2   -2   0.856736  -107.617090   -24.396064      110.348   99.73031    4.76722   12     1     1
   3    2    2   0.856736  -105.913382   -30.693691      110.271   99.73031    4.76062   12     1     1
   1    1   -2   1.902328    64.188648   -16.927064       66.383   40.27997    4.49120    6     1     1
   0    0   -2   3.709000    76.275608   -17.882449      78.3438   20.34327    4.49033    1     1     1
   2    0    1   1.857942    23.596355   -59.162141      63.6942   41.28557    3.91350    6     1     1
   0    0    2   3.709000    72.868191    -0.279800      72.8687   20.34327    3.88464    1     1     1
   3    1    6   0.806698   -90.140159   -36.290417      97.1712  108.57423    3.87575   12     1     1
   3    1   -6   0.806698   -95.110065   -16.768751       96.577  108.57423    3.82849   12     1     1
   1    1    2   1.902328    60.781230    -1.235185      60.7938   40.27997    3.76674    6     1     1
   2    0   -1   1.857942    -6.429465   -61.353368      61.6893   41.28557    3.67101    6     1     1
   1    0    5   1.383821   -69.697229    48.672382        85.01   56.50099    3.42555    6     1     1
   2    1    1   1.423742   -21.910997    53.416761       57.736   54.78136    3.38989   12     1     1
   3    0    8   0.750801   102.105804    56.139854      116.522  121.47792    3.33058    6     1     1
   3    0   -8   0.750801   115.021249     3.867686      115.086  121.47792    3.24903    6     1     1
   2    1    3   1.251258   -44.847875    48.373654      65.9647   63.13104    3.21864   12     1     1
   2    0    6   1.039332  -108.573264   -37.062053      114.725   78.13164    3.18993    6     1     1
   2    0   -6   1.039332  -113.543171   -15.997115      114.665   78.13164    3.18659    6     1     1
   1    1    8   0.855385   113.817035    57.453535      127.496   99.94516    3.18297    6     1     1
   2    1   -1   1.423742     4.744106    55.607988        55.81   54.78136    3.16750   12     1     1
   1    1   -8   0.855385   126.732480     2.554005      126.758   99.94516    3.14624    6     1     1
   2    0    3   1.516065    48.785356   -52.789990      71.8804   51.19413    3.06517    6     1     1
   1    0   -5   1.383821    53.930759    59.134918      80.0342   56.50099    3.03627    6     1     1
   2    1   -3   1.251258    28.148734    54.847471       61.649   63.13104    2.81126   12     1     1
   4    0   -2   0.928971  -114.205146   -24.340669       116.77   89.67219    2.77348    6     1     1
   4    0    2   0.928971  -112.501437   -30.749086      116.628   89.67219    2.76673    6     1     1
   2    0   -3   1.516065   -32.086215   -59.263807      67.3923   51.19413    2.69435    6     1     1
   2    1    5   1.037241   -59.689175    41.747293      72.8398   78.31926    2.56165   12     1     1
   5    0    2   0.751714   -95.198653   -30.598383      99.9952  121.23004    2.44194    6     1     1
   5    0   -2   0.751714   -96.902361   -24.491372      99.9495  121.23004    2.43970    6     1     1
   2    1   -5   1.037241    43.922706    52.209830      68.2281   78.31926    2.24754   12     1     1
   3    1    7   0.751029    59.992112   -31.160253      67.6019  121.41589    2.23960   12     1     1
   2    1    7   0.855722   -66.256620    34.411985      74.6601   99.89143    2.18279   12     1     1
   4    0    6   0.758032   -85.558461   -36.094511      92.8605  119.55542    2.04554    6     1     1
   1    0    0   3.838225    14.183324    15.103842      20.7194   19.65144    2.02418    6     1     1
   3    1   -7   0.751029   -45.616337   -45.140356      64.1756  121.41589    2.01833   12     1     1
   4    0   -6   0.758032   -90.528367   -16.964657      92.1042  119.55542    2.01236    6     1     1
   2    1   -7   0.855722    51.880845    48.392088      70.9466   99.89143    1.97105   12     1     1
   2    0    5   1.173758    64.101616   -44.720552      78.1597   67.84024    1.93632    6     1     1
   1    0   10   0.728323   -66.563883   -41.233140      78.3002  128.13943    1.71713    6     1     1
   2    0   -5   1.173758   -48.335146   -55.183089      73.3584   67.84024    1.70573    6     1     1
   3    2    5   0.757220   -48.175745    34.341866       59.163  119.76679    1.66660   12     1     1
   1    0    7   1.021496   -74.741138    38.807089      84.2154   79.76519    1.66273    6     1     1
   3    1    5   0.864915    53.050554   -37.472532      64.9504   98.45348    1.65019   12     1     1
   1    0  -10   0.728323   -74.358705    -8.165321      74.8057  128.13943    1.56728    6     1     1
   1    0   -7   1.021496    60.365362    52.787192      80.1902   79.76519    1.50759    6     1     1
   3    1    3   0.977768    39.349284   -42.690670      58.0591   84.11760    1.46614   12     1     1
   3    2   -5   0.757220    32.409275    44.804402      55.2973  119.76679    1.45592   12     1     1
   3    1   -5   0.864915   -37.284085   -47.935068      60.7279   98.45348    1.44260   12     1     1
   2    0    9   0.757330    69.445646   -27.884439      74.8347  119.73810    1.33258    6     1     1
   3    1    1   1.053737    19.701379   -46.587602      50.5821   76.86574    1.27488   12     1     1
   3    1   -3   0.977768   -22.650143   -49.164487      54.1311   84.11760    1.27447   12     1     1
   1    0    9   0.805851   -72.943689    29.503663      78.6845  108.74180    1.27262    6     1     1
   2    0    7   0.927679    70.137281   -36.408204       79.024   89.83095    1.26841    6     1     1
   2    0   -9   0.757330   -56.905300   -44.760203      72.3995  119.73810    1.24727    6     1     1
   1    0   -9   0.805851    60.403344    46.379427      76.1552  108.74180    1.19212    6     1     1
   3    1   -1   1.053737    -2.534488   -48.778829      48.8446   76.86574    1.18881   12     1     1
   2    0   -7   0.927679   -55.761506   -50.388307      75.1554   89.83095    1.14726    6     1     1
   3    2    3   0.829520   -35.571079    39.035073      52.8113  104.29873    1.10925   12     1     1
   3    0   -2   1.209473    52.368682   -15.933889      54.7391   65.57952    1.02038    6     1     1
   3    2   -3   0.829520    18.871938    45.508890      49.2667  104.29873    0.96535   12     1     1
   3    2    1   0.874410   -18.248035    42.519821      46.2701   97.02087    0.83829   12     1     1
   3    0    2   1.209473    48.961264    -2.228360      49.0119   65.57952    0.81803    6     1     1
   4    0    5   0.805719   -50.448036    35.815379      61.8688  108.76810    0.78699    6     1     1
   3    2   -1   0.874410     1.081144    44.711047      44.7241   97.02087    0.78321   12     1     1
   4    1   -2   0.816997    39.589259   -15.313693      42.4478  106.58868    0.72743   12     1     1
   4    0   -5   0.805719    34.681566    46.277916      57.8313  108.76810    0.68763    6     1     1
   2    2   -2   1.061641    48.195913   -15.694679       50.687   76.19031    0.65000    6     1     1
   5    0    3   0.733128    32.738852   -36.232181      48.8324  126.61550    0.64652    6     1     1
   1    0   -4   1.669807    17.158817    23.440408      29.0496   46.19052    0.63240    6     1     1
   0    0    8   0.927250   121.012089    58.241514      134.298   89.88387    0.61028    1     1     1
   0    0   -8   0.927250   133.927534     1.766026      133.939   89.88387    0.60702    1     1     1
   2    1   -8   0.781291    21.692120    30.359860      37.3131  113.93386    0.60690   12     1     1
   4    0    3   0.894559   -37.308458    40.706399      55.2171   94.14296    0.60185    6     1     1
   5    0   -3   0.733128   -16.039711   -42.705998      45.6188  126.61550    0.56423    6     1     1
   4    1    2   0.816997    36.181841    -2.848557      36.2938  106.58868    0.53180   12     1     1
   4    0   -3   0.894559    20.609317    47.180216      51.4851   94.14296    0.52325    6     1     1
   2    2    2   1.061641    44.788495    -2.467571      44.8564   76.19031    0.50906    6     1     1
   1    1   -6   1.079668    28.699959   -32.432936       43.308   74.69793    0.49168    6     1     1
   4    0    1   0.951628   -18.910497    44.343901      48.2078   86.99051    0.48622    6     1     1
   4    0   -1   0.951628     1.743606    46.535128      46.5678   86.99051    0.45370    6     1     1
   5    0    1   0.763567    17.186704   -39.580897      43.1512  118.14440    0.43159    6     1     1
   2    1   -4   1.142633    13.717515    22.563810      26.4064   69.95256    0.41504   12     1     1
   5    0   -1   0.763567    -0.019813   -41.772124      41.7721  118.14440    0.40444    6     1     1
   2    0    0   1.919112    11.959829    15.103842      19.2656   39.91264    0.38607    6     1     1
   1    0    4   1.669807    20.531240     7.808855      21.9661   46.19052    0.36159    6     1     1
   2    1    0   1.450713    10.284089    15.103842      18.2726   53.68022    0.35560   12     1     1
   2    1    8   0.781291    28.149842     3.807249      28.4061  113.93386    0.35174   12     1     1
   2    0   -4   1.333587    15.036433    22.903710      27.3984   58.83326    0.32477    6     1     1
   3    0   -6   0.889058    25.539220   -31.208667      40.3266   94.90804    0.32005    6     1     1
   1    0   -8   0.901321    24.652854    31.063053       39.657   93.22271    0.31183    6     1     1
   2    2   -6   0.825128    24.363815   -30.769005       39.247  105.08721    0.30773    6     1     1
   2    0   -8   0.834903    23.079853    30.690342      38.4002  103.35298    0.29182    6     1     1
   3    1   -4   0.923238    12.001193    22.172293      25.2119   90.38196    0.25699   12     1     1
   3    2   -4   0.795436    10.701257    21.932115      24.4036  110.86277    0.25014   12     1     1
   2    1    4   1.142633    17.089939     8.685453      19.1704   69.95256    0.21874   12     1     1
   1    0    8   0.901321    31.110577     3.104057       31.265   93.22271    0.19382    6     1     1
   2    0    4   1.333587    18.408857     8.345553      20.2122   58.83326    0.17675    6     1     1
   2    0    8   0.834903    29.537576     3.476768      29.7415  103.35298    0.17505    6     1     1
   4    2    0   0.725356     7.236300    15.103842      16.7478  129.11170    0.16051   12     1     1
   3    1    0   1.064532     8.867455    15.103842      17.5145   75.94655    0.15610   12     1     1
   3    1    4   0.923238    15.373616     9.076970      17.8533   90.38196    0.12887   12     1     1
   0    0   -6   1.236333    30.824546   -33.411016      45.4582   63.98286    0.12370    1     1     1
   4    0   -4   0.852232    11.318603    22.044261      24.7802  100.45123    0.12035    6     1     1
   3    2    4   0.795436    14.073680     9.317148      16.8783  110.86277    0.11966   12     1     1
   1    1    6   1.079668    18.760146    10.209513      21.3583   74.69793    0.11959    6     1     1
   3    2    0   0.880549     8.142783    15.103842       17.159   96.12152    0.11548   12     1     1
   0    0  -10   0.741800    -4.245655   -48.139512      48.3264  124.00969    0.10012    1     1     1
   5    0    0   0.767645     7.515051    15.103842      16.8702  117.13586    0.06493    6     1     1
   3    0    6   0.889058    15.599408     8.985243      18.0021   94.90804    0.06378    6     1     1
   4    0    0   0.959556     8.483980    15.103842      17.3235   86.09544    0.06349    6     1     1
   4    0    4   0.852232    14.691027     9.205002      17.3366  100.45123    0.05890    6     1     1
   2    2    6   0.825128    14.424002     8.545582      16.7654  105.08721    0.05616    6     1     1
   0    0    6   1.236333    20.884733    11.187593      23.6925   63.98286    0.03360    1     1     1
   0    0   10   0.741800   -19.835300    18.594676      27.1883  124.00969    0.03169    1     1     1
   3    0   -1   1.260793     0.000000    -0.000000  7.60499e-14   62.59934    0.00000    6     1     1
   3    0    1   1.260793     0.000000    -0.000000  6.70134e-14   62.59934    0.00000    6     1     1
   4    1    5   0.729365    -0.000000     0.000000  5.29291e-14  127.80377    0.00000   12     1     1
   3    0   -5   0.968894    -0.000000    -0.000000  6.44434e-14   85.06820    0.00000    6     1     1
   3    0    5   0.968894    -0.000000    -0.000000  4.16616e-14   85.06820    0.00000    6     1     1
   4    1   -5   0.729365    -0.000000    -0.000000   2.4211e-14  127.80377    0.00000   12     1     1
   3    0    7   0.816118    -0.000000     0.000000  3.57602e-14  106.75441    0.00000    6     1     1
   3    0   -7   0.816118     0.000000    -0.000000  3.52597e-14  106.75441    0.00000    6     1     1
   3    0   -3   1.136310    -0.000000    -0.000000  2.54219e-14   70.39929    0.00000    6     1     1
   4    1   -3   0.793294    -0.000000    -0.000000  1.78135e-14  111.31319    0.00000   12     1     1
   4    1    1   0.832281    -0.000000     0.000000  1.36196e-14  103.81095    0.00000   12     1     1
   3    0    3   1.136310     0.000000    -0.000000  1.37882e-14   70.39929    0.00000    6     1     1
   4    1    3   0.793294     0.000000     0.000000  4.91517e-15  111.31319    0.00000   12     1     1
   4    1   -1   0.832281     0.000000     0.000000   3.3839e-15  103.81095    0.00000   12     1     1
